-8.23430261082857e-06
0.0016252470354390252
0.0008389616679991533
0.0017960037184379554
0.004248320390054316
0.004341396920837635
0.0016606636067485949
0.0055064834870705015
0.038555947832440304
0.0038625224431037145
0.00486997499828553
0.0021612748301209793
0.0030881574277788247
0.1871756547766684
0.015837831339399026
0.1700721597459026
-0.006338713882046904
-0.6058759357701091
0.28382864609211583
0.4960992212428011
0.8237618225471912
-0.018737818692720662
0.0769986472900431
-0.013185259475648158
0.19375960825916191
0.09660116846277518
0.26776479734883263
0.2707089260337733
0.3292809371986904
0.00989218843313884
0.005347996798036883
0.0839043374554534
0.033803847675588264
-0.04438295558485936
0.055636283623344676
0.03329837723464538
0.0017309403596683182
0.07401621884079915
0.08861937259209626
0.10316622148131588
0.04994180658695858
-0.00020781993110027553
0.2368834929016361
0.28508446770399004
0.0667666329676746
0.009805180544183584
0.09145952471032742
0.11819837712350799
0.11629467239475498
0.0021599732361619996
5.525578386363692e-05
0.0004944133639902503
0.0009108254884653387
0.013644819956700954
0.12116808942104541
0.0673590216864081
0.007287751052716582
0.001835240112210155
0.0022893758846716564
0.0011595000745614659
3.471161469045144e-05
0.0021251111904769925
0.0011991852863911761
0.0005061956009649515
0.002611908476442562
0.01981968002933838
0.0024826874220049235
0.07297114266040136
0.005358919572689114
0.0008503069802970723
5.0684669147839634e-05
0.0003150288187915936
0.0039033166865033897
0.0043487101192301114
0.0007777615494065573
0.0001528633269609582
0.0010964814127277893
0.00508666581552398
0.06957829773536107
0.07163340684331947
0.01336669514711604
0.000950846096731
2.885882330424666e-05
0.0008320898489816451
0.0031464452278510244
0.0031786493529458787
0.0009456846670277912
0.00025700481711015923
0.0018083491262929434
0.05277356705273752
0.11165944158802547
0.051909886795514386
0.008866693199816209
-0.001331669045386816
0.0004005829342055037
0.0016138699995810453
0.0031803974857685094
0.0011620307167136273
0.0009044973179396052
0.00035773938576909677
0.002987250921189862
0.03558812620839512
0.07037996034903277
0.04335534451964038
0.003967473325729346
0.0003342651746780475
0.004055086389725748
0.0028162420488261966
0.002572232110618112
0.0008424000068729579
0.00023253639279059967
0.001554477895071979
0.010964036779122428
0.00847109683795112
0.016548979853513786
0.00439471689327986
0.00011968736183154555
0.06931253757986303
0.036778713212091904
0.0022950676229160313
0.007103703346463815
-0.0002246057281017493
0.0016714728840286355
0.004776316851063094
0.004818427036837773
0.001090333321351813
8.485856898209386e-05
0.0007661401732290267
0.005275102618281903
0.06815787568388738
0.028801200306560998
-0.0001294321061070899
0.00018467755520491588
0.0008195375578786197
0.0010833956727243066
0.0009873156886507275
0.004672954493992719
6.092206909768216e-05
0.0003730870145564215
0.001322109209179824
0.0012400656814888233
0.002757067078552845
0.00722050214270231
0.0008540223462869901
0.0010618510890704452
0.0001416035431462624
0.004771883224256071
0.11035912885981529
0.09641342494948049
0.0414398115101042
0.006352531586877395
0.0025978493808331616
0.0007159897687585377
-0.00011187943509930456
0.0010508432003378371
0.031172210632149512
0.027415471706326692
0.04462621728182895
0.0010287885237880146
0.02384679312103466
-0.06665099433066635
0.0003319916341806491
0.000485139852415851
-0.0014450411678155932
-0.00023481187201333285
-0.0005321836680711751
-1.5709861911326522e-05
0.004921312894925432
3.939327090341381e-05
0.005831930653590632
0.03179155413407709
0.013920825158008205
0.028478539142730554
-8.94571299407813e-05
0.0006600109485597601
0.000578454767570932
-6.463799618689553e-05
0.0010077557648981617
0.0005695819286258857
0.0006772345165108442
0.00145939268358302
0.0020894276333445878
1.6009003216277483e-05
0.00028253496604849015
0.02921545289417388
0.02508986203273221
3.736398340589227e-05
0.0006105608271782877
0.00011423884759931475
0.0009533980645596968
0.0011666544779990967
0.001218001942577908
0.0013976226601456765
0.0010821475776797457
0.002011940565675067
-0.0002020731817331386
0.02006741787762228
0.006644982360104498
0.0014569442859295083
0.0005958232213843863
-6.377646436724984e-06
0.0029515664264211368
0.0003131130496509538
0.000869719478417104
0.0008817571145428592
0.0017388055540480353
0.0005116733102915107
0.0009196406706092204
0.0051774872198286645
0.0035423711398788697
0.0033100254690318553
0.001627270007895792
0.0003825693284133932
-0.0003409027250432543
0.00022302894665823472
0.0001366937589342327
1.7786330466852117e-05
0.0023162314060936246
0.00040823085842502566
0.017555554999626806
0.06584188480930994
0.04974950139063184
0.0005172267126931278
0.0061609737571146845
0.0011945654578008223
0.002052096324746952
0.00023821432452641867
0.00048201876945995286
0.0006736324530926949
-6.164998629241168e-05
0.018629966390506503
0.003012405074207853
0.07422108089521819
0.0764061945725408
0.0036597393256326536
0.005629091212233474
0.0029346759032135425
0.00016328216978961152
-2.3665214248305056e-05
0.00028669483195748526
0.0005071856125044323
1.6485483893934263e-05
0.0009042208055132221
0.001343350141681893
0.03114627869209374
0.005480925916621827
0.0019481574175382397
0.023824742968751526
0.0009931361175471835
0.00046310192722701646
0.0001962282844723892
0.0004739440490140359
0.0005526659640607037
-6.570211550697579e-05
0.0010832740240309979
0.001100075430231728
0.009015319911573711
0.002800846107842703
0.0006788220014597607
0.00047066880242210553
0.0002341575317308977
0.00021539564114602167
-8.568632630355076e-06
2.0340366992410143e-05
-7.05526652661762e-05
-0.00012218486776257635
0.0008117830827338293
0.0008263931294470476
0.0009063221800134348
0.0005897257600211676
-0.00040541282179110225
0.00013764015546398824
0.0005571607452402503
0.000660173447806354
0.00036063778403726726
0.00011635090359732924
0.00015549974767797153
7.061242631871917e-05
0.00035856815012498197
0.0006529812766703447
0.0004896344809743849
-0.0006106475460557055
0.0005448344364309234
4.633420098129361e-05
0.0009783586430787733
0.001863297805556089
0.0008513971976827372
0.00037294350161225877
0.012889944048260181
0.0014683386209075103
0.0005298429162259875
0.0007242812330698868
0.000297388096657589
0.0009785922315787047
0.0008646110643310493
0.00020430562782341357
0.001016306834708387
0.000882634119008974
0.0004270902985090699
6.854792077782487e-06
0.02486957312927172
0.0005731063850548706
0.0014396854088785695
0.0028119059017204994
0.000680120819070845
0.0001237616908026694
0.0006439946056686109
-4.128624003535802e-06
0.0005075127546523184
0.001217833147154963
0.0006114236855274715
0.00042807571808085637
6.338173025837604e-06
0.0007533133784005264
0.0007802185175247063
0.0007808094974762012
0.0005375248706645535
-0.0002662963381637458
0.00040397218178306755
0.0010500834135456622
0.0005129040987909607
0.0013513700797799083
0.0007306183805755565
0.0009107433314192781
4.811416833477131e-05
5.408765881811969e-05
0.0007748285069697367
0.0018639585278343836
0.0019331272570223064
0.0013750098644641413
0.0006553531731352891
0.00010595786737084032
0.0011214610481418827
0.0012941542727933025
0.0017969039256428426
0.0005844568548075283
0.0002262901232667257
0.0008895120427986539
0.0020508103727299464
0.010612352436880069
0.0032324570354336046
0.0018505869343217215
0.0007427608889515965
-3.005665877870204e-05
4.377933224782247e-05
0.0013475293354403577
0.0013424839567386143
0.0006992734041783871
-5.0355155522050624e-06
0.000746907858827147
0.0015066303971086761
0.0027363821407680846
0.0018064841108777281
0.0016933697702659703
0.0008289826626458605
0.0001097182236955479
0.0005678257052531598
0.0003551197206559551
0.0020369712514663723
0.0013845614537541671
-0.00011340284597753227
0.001930173681273816
0.003801561450506962
0.005238640939523634
0.030810275110026993
0.0025307260134657937
-0.0003555474189101543
0.0006032518966065229
0.0024685074016145264
0.0017553898582930794
0.0025703260826862597
0.0019227715076509738
-7.578485116376967e-05
0.003921898528682066
0.0485402524800551
0.04810929441945571
0.07848608422129814
0.002617005909906365
-6.801884212023091e-05
0.0013630026871392197
0.0033228587822584058
0.004794409293290657
0.0025793218456502333
0.0010934795167617008
0.0004204069424217787
0.0026542163892155067
0.05649874632726357
0.07329109424969789
0.028420100822353977
-7.551815547532422e-05
0.00024805365765751474
0.0009201471993483719
0.0016864018781477341
0.0014001191228743498
0.029124015406228193
0.00021156751884941261
0.00577569338205618
0.14274483487346623
0.27169562282079496
0.06386489240856406
0.008078065498087905
0.00436388391689051
0.001567239305371161
0.0014915027154740494
0.023097913873102092
0.00011993389834900587
0.000766937185704036
0.02662004600338603
0.055643841655978514
0.03758322515488341
0.05187246059368054
0.013795419529084366
0.0009987557521008636
0.001312244156201848
-0.0004086917055826583
0.00031727855231783025
0.0009086693313917867
0.0006024410335098091
0.00021464425635674955
0.0011181867191816177
0.0024978819689746258
0.004529841082728655
0.0013435929231713558
0.0017307898835882576
0.006521520532254198
0.20807317710388554
0.005584257594220471
0.029849826610456882
0.01961539432467261
-0.0008623867386811084
0.00018999674527104163
0.013139084556759523
0.08985744048438579
0.1820086707099583
0.1920166002854599
0.10451522258467948
0.17551869251943242
0.2039553979325456
0.14248481704914148
0.24111539375914506
0.12674836011762988
0.06376350868412599
-0.00015709982585150094
0.1943535361498096
0.12884924006690215
0.034246854197631266
0.06115737507900394
0.016617942877334955
0.014307407373223675
0.03776640805977963
0.007132589690775092
0.0028373728361996385
0.00332992788105019
-0.021673164916655618
8.169982174292588e-05
0.08917002260035528
0.01682479873131788
0.07795144608121421
0.30481760460315954
0.14164973777260778
0.05163215628768998
0.2032349186016178
0.057984711557078336
0.09123192276077194
0.09022676727189925
0.036642896997059374
-0.006673538581105203
0.009761819796608706
0.051121482682472
0.02686331482355836
0.017731954581085795
0.09220016058719785
0.03313091702579441
0.005498802689908899
0.0011019903273820552
0.0009409083832808286
0.001593286477354195
0.005006876363062238
0.003012924488405288
0.001297631107347318
0.038089354963986806
0.05195431015678153
0.05459153007015874
0.06839390932910869
0.0021402340919783333
0.023341862327804264
0.0006384564136383975
0.2129101473345026
0.10767745329178736
0.0026173508995512417
0.07260872666698284
0.0009456173205039029
-0.0018085722449988958
0.0023293574978005874
0.00278932816767927
0.0014794422468622742
0.0010247208912556888
0.0010394960527605793
0.005020287891073412
0.004879893649400735
4.923441495615239e-05
6.774757618076486e-05
0.00677013955774969
-2.305751007168021e-05
-0.000661555036882842
0.00058614250433153
0.0012228774273135836
0.0008861658146277357
0.0010302191805855868
0.0006487840231870112
0.0007205603134418594
0.0008789479131621348
0.001038991349055407
0.0005689421185899544
0.0009526474943506951
0.0022185533596765263
0.0018167015663287955
0.0018587909603170266
0.0015795241449130526
0.0007985039658790875
0.0011722654586341548
0.0034020912953322425
0.05195589868058325
0.07108383548859859
-0.00078022427240234
-0.001741954299170991
0.035186088498206904
0.00860024914299059
0.06255883253109089
0.09168563778317117
0.09665470936743165
0.003842121829570386
0.10857621337831905
0.22267296675252674
0.46633291887097233
0.2951760355629642
0.10019780416801527
0.26064888380971524
0.2685121603196148
-0.11936690392763757
0.658032792370999
1.1549645716332206
1.0373812919922358
0.19198479252738207
0.23944073126988147
0.11991407262864268
0.010368445328012763
-0.054418233558213014
-0.06328621903846171
-0.053966621237491304
0.13179790235120156
0.2748252779024315
0.24197099790259385
0.24413080303081752
-0.3090028258083997
-0.012680434526001046
0.17145032344194733
0.08773587311781317
0.35219129891052636
0.033613404594924
0.017363364158242255
0.2291235125475065
0.4963750744414706
0.6335477724422669
0.4793860388508263
0.2296765367338131
0.10916903250887408
0.04486107495549925
0.10608323835438885
0.23318025070522722
0.07628018845685323
0.031183131472083125
0.4253252905974911
0.4968831552191559
0.374443981954309
0.28255789212953075
0.05993223913778508
0.053567888001157686
0.058739039040780865
0.01760538239372239
0.20473261638955756
0.10247707139912539
0.25633985926809194
-0.0019360381262933102
-0.03853390512095764
0.03665061306335081
0.22615310272914343
0.4739746852779781
0.6022139473703876
0.2334532261259166
-0.08198696012230651
0.07774862495349308
0.032820774233070234
0.1377747850724806
0.15906276309897985
0.11393174666195546
0.2006137509648993
0.23210479042926274
0.31744750335187477