-8.23430261082857e-06
0.0016252475357106772
0.0008388987740832142
0.0017959228842828526
0.004248484713151452
0.004340674408292522
0.0016591723813518299
0.005505541677234546
0.03855386074078024
0.0038603237448609335
0.004871957063936467
0.0021551177100339216
0.00308433676482348
0.18713811995712215
0.015580807748060152
0.1698636540799493
-0.007966090404578277
-0.614538814347375
0.28359321661446973
0.4517822977118019
0.8034163239873601
-0.03620008270235015
0.07946303362005058
0.004760929796195658
0.2673509502716192
0.057948828951028
0.26660767664441404
0.30186800111737405
0.37910359258884146
0.0710679881147792
-0.049002183225279744
0.06985412974239187
-0.0044394950164164775
-0.02657290356259465
0.08215100848011847
0.3086608836134323
0.41758625077487155
0.2523682410285436
-0.3244657785520355
0.055773597904858266
0.04094529201360907
-0.011627540927987698
0.0301666409334494
0.18224097992318555
-0.3307047277932186
0.0007969646886818707
0.00671878080883319
0.04884263977170635
0.0010644457156291855
0.00019040574564470564
6.394074218381525e-05
0.00015796858463073592
4.029299675863689e-05
0.0002828506235612242
3.1774057021410317e-05
0.0013911805603017717
0.0008555004644028521
0.0007116655531996971
0.0004638382427029248
-9.819412024292183e-07
0.0010202369213108008
0.0021167540865471316
0.0009394596685884703
0.00028540465783181534
0.00015931772547617148
1.8029825244732995e-05
0.01768996854341854
0.018375538940586477
0.001421774872798648
0.0007423701276044861
2.6969124701725385e-05
0.0003341305780099032
0.004059631584125193
0.004809571299285625
0.000846120980142685
0.00017554964641066092
0.0009530026457676733
0.0030082761665019553
0.07682379352659177
0.0807509824781779
0.01715573687238747
0.0011335453142102077
0.00012923032485098946
0.0006085122775197725
0.002965474543781956
0.002581906141438681
0.0007189789069218009
0.00036517899738693424
0.0016996398645160223
0.05896392606691239
0.12750895208877014
0.05984902032723237
0.013952618792696835
-0.0015015431003893832
0.000192251432115626
0.001450664941154631
0.002531719390672515
0.0011805726099032008
0.000802177034055043
0.0005223554046524678
0.0028179897173158277
0.005152612360536529
0.07952919592884586
0.08148742668783425
0.007032629727383418
-0.00010065400308693484
0.0016404950396533857
0.0033979556025211946
0.002568042102226782
0.0009486736969086843
0.00012978321666982183
0.0014291259138307874
0.018873073932989953
0.004070400036884776
0.007597896199520218
0.003192468957899447
0.0005531950695109581
0.02216121307901348
0.04695698916658646
-0.0002576242037174817
0.0008139072419818655
-0.00040780278996319845
0.0013421669854873043
0.002339332447725422
0.004101321988734298
0.0010711808240773232
0.0002145640912694574
0.0007438827087825642
0.01041996562105466
0.0987985681374503
0.01587836242382852
0.00012785185977373773
0.00021361355128181976
0.0009071733130081417
0.001141578856847003
0.0010060744439802682
0.003233558477542568
6.225447277952033e-05
0.0003580684241907711
0.0011324565080539767
0.0011925238053051164
0.0018080625955374313
0.0010719184769854527
0.0005500673498726311
0.01346136336065896
0.0365277352156468
0.004808172732058247
0.0009814392987953027
-0.0003698826532297879
0.0005803481285623518
0.0022144573982746996
0.0008260667426782686
0.0005413497216437951
-0.0006318383794065475
0.003758440202310423
0.012884324251160807
0.05965780753817058
0.06335459383667462
-0.00024472257637147193
0.04043370500579178
-0.000408606860982805
-0.00021265000069174868
0.00013293949235536389
-0.00020417550197582556
0.00019987454405494238
-0.0006414826060930954
-0.0003125069820004618
0.003564738270914209
0.0041932636531770845
0.0033864542014799565
0.009870426062443188
0.12954425953667603
0.014513434909323327
0.004726716889482097
0.0008801068305936986
0.0008714298266885529
0.00018248341815587846
0.0012271617362184383
0.0007915767141143501
0.000879863421407112
-0.00043252773414695806
0.0035376408351077446
0.0038553486020828703
0.0007596904595515111
0.03486684817769805
0.05178323193896194
0.0006483888294685142
0.00043137202801931095
2.3583690793096215e-05
0.0008425894930148207
0.0011365647998336443
0.001182592568751046
0.0012757971775344571
0.005210312923600909
3.8185075386448624e-05
0.00025586199289569727
0.05501566774361152
0.0018015088777113763
0.001333718231628085
0.0006690722819925399
0.0002152234925170258
0.0026336046261990825
0.0002988097972547709
0.0007039538832501866
0.0008306070770852679
0.007278131920870399
0.0010956290849984908
0.001235385656867258
0.003152726956814763
0.0036272190617433167
0.002821208906703143
0.0016372451016074257
0.00045624242881307894
-0.00016204183300755495
0.00029763911390468445
0.0002274345937277387
0.0001986341725120376
0.0027462174506731347
0.0008232185515945195
0.027782082614999877
0.04943022543225288
0.045405374194204054
0.004758928750189529
0.01059402460788233
0.0017085127527761961
0.0008075696550006558
4.3510570410355494e-05
0.0003746141313255813
0.0006298892796473673
-5.9548691867248707e-05
0.02150236544495741
0.0037698768989427554
0.06907729427310588
0.08363221905771251
0.005977735731863813
0.005833563707707496
0.0007549886619515056
0.0001397306511022483
-0.00018576301239347443
0.00016257275653141034
0.00040492625161935546
-2.3499141596539476e-05
0.0008399775064693963
0.001235917268707513
0.013418889538686706
0.0022720140842460417
0.001462428575843024
0.02872720056294647
-0.0016377453888403426
-7.570631798378292e-05
0.00013376030862542775
0.0004317117203410298
0.0005199903760744706
-7.162590725705799e-05
0.0009278386128628432
0.0011700014087715077
0.007647138704040697
0.0022836688261580083
0.0007270815191446844
0.00023764179113839156
0.00023361228134489032
0.00022811209672236987
0.00012787099633950329
0.0001206438440613625
-3.6506326621407186e-05
-0.00014260159241957825
0.0007073322502556486
0.0008646023917636092
0.0009231392672280137
0.0006622860261196687
-0.0004688269558189419
0.00018665796392654163
0.0005332156995762115
0.0006189849338655292
0.00017974951099067958
0.00013132354680780615
0.0001392303893602266
2.9268802640585527e-06
0.00031989879745378204
0.0006091607959934393
0.0004625152380321682
-0.0007474496678976309
0.0006220723898572016
0.00031620308265153913
0.0008819163335373731
0.0011974192783762614
0.0008730164816778096
0.000469795469463261
0.007470163398071367
0.0008848779950389981
0.0003718264789278282
0.0006344154351230727
0.00018358051102859417
0.0009670364687258959
0.0008541422301993916
0.0006002995340736779
0.0012460121062219313
0.002067405110110403
0.000558595098433097
5.227381587130191e-05
0.021485336022930773
0.0005308654728248032
0.0012797814786782563
0.0012783166818633015
0.0008246683267249462
0.0003373115720996917
-0.00019938482990370713
-4.8514663270063374e-05
0.0008050253321372435
0.0008321766372624213
0.0004068684660862509
0.00012917208263920536
0.0002679118868430435
0.0011763795740030673
0.0008809715657375382
0.0009309671615702382
0.0016057629276238347
0.00023518471025675745
0.0004422419257727401
0.0005848903701599198
0.00011560001169455605
0.001596677209425194
0.00037324027432549233
0.0005218317511978311
-1.4336689986693089e-05
0.0009229730340445068
0.0020997939859721164
0.0015289443992862633
0.0018288656889261974
0.0020203420713969106
0.0003424659549197302
-5.18797603101013e-06
0.000516774024183125
0.0007618303048598936
0.0007373300944090704
0.000662468301749445
5.0977939900219324e-05
0.0005761375771712146
0.0015404817478797935
0.014805074188205198
0.01659009816267394
0.0013836814700059516
0.000572315033289634
-4.138006188163433e-05
0.00038228868784867466
0.0015263336232298208
0.002269138479642699
0.0010024380044517164
0.0003948785170437578
0.00038740711985092507
0.001219285828214706
0.002160521038617337
0.003068780993590018
0.00204420780144279
0.0009110869856694298
-1.2439154601731693e-05
0.0003347908243474253
0.0008713811803681093
0.0020227758418874505
0.0014302331383767904
0.0018303817201829678
0.0008217991747686052
0.0016131105439465164
0.0020863363474539964
0.003774066789910894
0.0015407469526384021
8.593731464959154e-05
0.0008439747354499405
0.0015067462847354418
0.002467822006458681
0.0030866847365663094
0.0019248773933396657
-8.16095821781704e-05
0.014642732193948979
0.060222368147965506
0.10387710617725063
0.0878959855058358
-0.006149503370397099
0.002298170233924552
0.002222329229347696
0.004303842082813412
0.006225474650021515
0.0029629335078981164
0.0012499331240754714
9.538640418433521e-05
0.0016646745555374137
0.04594578974761904
0.04124019636621044
-0.002938440537310644
0.0005680824768827626
9.540342833424654e-05
0.0009785150187322006
0.001652442530433218
0.0014085815964963147
0.05711886287034729
0.00020442073365993375
0.005696931848363776
0.09890724162318366
0.23850651517184077
0.11968340592408024
0.0016077310085127149
-0.00017075581769432273
0.0007332506847042231
0.001872280704465689
0.013803799086801632
0.00042120778227447805
-4.212917222323937e-05
0.015327712023752962
0.035657559290631954
0.015521360207409038
0.0014434171314938074
0.13390856667782886
0.05016794834060129
0.04524662179704691
0.0855385564646823
0.004943494128453445
-0.003288866658946364
0.0027622267414924295
0.0002564144532860331
0.0007670696616321832
0.0835566786279515
0.15648244855459845
0.09292499052429415
0.004256465947673799
0.008947444389555722
0.030018172167455313
0.06182497746030921
0.1005930472859129
0.039796504354651416
0.10418433271793175
0.21687294680978136
0.08898874905625676
0.08542348761533934
0.14001156586088875
0.19999794402370538
0.13644670157035552
-0.014700742201867067
0.09445065034548822
0.33555689027314306
0.22365520568718888
0.030980524804431857
0.023348291080064597
-0.0002806215798833871
0.0018482765663142503
0.001515600741198698
0.0034140573205566553
0.0038217415459562685
0.004623302315377123
0.00026315810313115687
0.002972680958590609
0.012946124969604
0.013754294392434346
0.0027543395014977146
-6.614812452304455e-05
0.0006643190528934845
-0.00047506072695218976
0.0007098703635163143
0.004951022013685369
-8.884061723234769e-06
0.01597047274122398
0.002278961007044173
0.09051008896080624
0.07192828779870436
0.04712085381225299
0.21134547516639077
0.12058606594170762
0.036284018980602316
0.03450891446393397
0.006019322408627449
-0.0018662238204994082
0.006306440673093276
0.2400718328075069
-0.0015616647413261879
0.008580695380614015
-0.00011693908710096159
0.0005588577209494426
0.0015694935084383506
0.003086803743012836
0.2618373241634951
0.1471666130322894
0.028051982541382164
-0.0013066805959223745
0.25270743709395516
0.03450477654756214
0.12967185029768108
0.03853021337111109
0.05662853970862329
0.2180822204400512
0.02537352507148086
-0.015423088356921142
0.004173323623394613
-0.0011659499776017982
0.001966651102729693
0.0005619635986435866
0.0017384840119423425
0.002045122393109099
0.00126908152453388
0.003736454031492829
0.00012915249104443314
0.004001995125692564
0.0018767669427493497
0.0005656862909283254
-4.296951071242203e-05
0.0006756039370821298
0.07048081093646551
0.15848070075426193
0.19603921589060105
0.15217469443022982
0.0027951717161433447
0.002935374318066492
0.13244661674817698
0.18761848422422692
0.13678378520916387
-0.010569391180383933
0.3227672661341814
0.2787097563348264
0.20475398969236333
-0.1019474276930343
-0.023521200858578353
0.02927058250794487
0.10085986450474677
0.18041854004411115
0.4524107460571085
0.536045124287802
0.3061607750700063
-0.278046511627834
0.2928805121474837
0.5729598686247745
0.31180133943861255
-0.02642583030178247
0.05595726784306953
0.21018910978472385
0.01755525254644375
0.3297567766332969
0.21962604453565754
0.1471703487256563
0.0733787379147305
0.2323473610367718
0.38288539897001334
0.3850169758281964
0.22868799409934198
-0.009665610896929184
0.05547823596760007
0.23226126114060916
0.27323360682941755
0.005120743986183574
0.10168840644334362
0.2598051645527421
0.2264200049675738
0.4191484500963741
0.14732320998760967
0.48677387819617823
0.022736126932789397
0.5691042552255612
1.4241364666865797
0.20648218290080755
0.10793877383878353
0.039821844130198826
0.5178612195367545
0.16624860261401544
0.11020023327998847
-0.0825035910605809
0.06707440506585076
0.16581645169497852
0.19598336988313259
0.16312565452014363
0.004297540700323117
0.056642541754043076
0.05243185671771051
0.19959633342199276
0.03007758047899159
-0.09515604497691843
0.33216314314891904
0.33459855757310547
0.4839837078871366
0.4326433156433044
0.2867281746041231
0.18087746958634612
0.0046919762505421465
0.13215755895986125
0.22547783913715394
0.31596045921219357
0.2659606997691643
0.05469006394286286
0.12810103153569732
0.2913008607971652
0.18257634018347893
0.2920621371666526
0.3605246297214807
0.16575176481560455
0.07492719872229432
0.1337300943416991
0.14295489365418906
0.6727772523724792
0.02287173501959025
0.291493768003711
-0.0012526903332403488
0.22405025285769112
0.35782545171779295