-0.00040006939247689855
0.0005241902323032942
0.008084675291285853
0.005231912693489127
0.00032989727905907815
0.0028715875199611506
-0.0013626923869084157
0.15026897964129687
-0.10880741653968656
0.11581013968888267
0.02244176330287349
-0.007454174244493145
0.0018789821360640742
0.026746723059030104
0.0005718845007905252
0.0010572910052872963
0.0005962294832392251
1.0647950840933324e-05
0.002058331325489295
6.294033760066806e-05
0.000591386350959778
0.000652569868414807
4.172091441759634e-05
0.0002567462609365951
0.013671375359817245
0.18196809182089818
0.06852049095559688
0.0013499282066465775
-9.555710427326471e-05
-4.2373903483535195e-05
0.0014083444877004874
-0.0008508957225116296
-0.0069314954715866935
-0.0007032850374919464
9.923047099321597e-05
0.0004078562121379371
0.002010374640611476
0.08706683033779167
0.0037011262900661325
0.0007300321496072761
0.00021379461526963763
-4.978157607694567e-05
0.001547309510374347
-0.0002626520942355984
0.0005618325579133295
0.00017627932644475908
-1.0690407914163027e-05
0.00034676614241487046
0.00758961024426849
0.062456961014628574
0.0008681607481019471
4.522201099179484e-05
0.0003385208197926342
0.0027308174807195865
-0.001886207599159791
0.1617066480336527
0.000592953562024961
0.0001521488656185651
0.0340277472747825
-0.010531914477667137
-0.005790849842221117
0.027921592297848533
0.00032881074610347936
0.00040853085448873416
0.00038883186583353737
0.00021834670910336797
0.0036854645228849505
-0.03302921597533742
0.029259851111867862
0.02340806678515595
0.004535165332600897
1.5605591822097863e-05
0.0027485088790795502
9.243935541856548e-05
-4.77960380732719e-05
0.0003975346062508729
0.00013932367856544
0.0025499426885246426
0.002493561607453837
0.07868704189712919
-0.0004649698818441345
0.02957855322583854
0.009831647866631028
-0.0006443462095374707
0.002022845814285443
0.0032301086573864168
0.0001257005069827335
0.00037087347819987637
9.978015409767663e-05
0.0003157048247063321
0.011803548867169155
0.00065978580886429
0.0018158447078216679
0.011553726502149026
0.0016827770987430113
0.00016380820806194442
0.0014516218202520548
0.0004535565122517248
0.00036162430847327747
0.0005038375528138358
0.0003963169067911659
0.00039317688069124765
-0.010696942857968326
0.00010476157393288944
0.014601687896969516
0.0036581862517683565
0.0003191888657197777
0.0002528513212596598
0.0012820698964679392
0.00020058347910360827
0.0004402243331321851
0.000627835034434008
0.0005207432960257048
0.00038332955468147736
-0.003313157674730218
4.8405201170389844e-05
0.003354706484553662
0.0012033777395959644
7.358811534562472e-05
0.00025979971020858005
0.0011032461306967865
-8.66865063313424e-05
0.0005426717052186224
0.0008859931733808917
0.000646466076204089
0.00045095868704425634
-0.001928606386189484
0.00014082540344080767
0.00014879893778032042
0.0006395972619189006
4.9177064260027746e-05
0.0003147503261550448
0.0010977230491851977
0.0004062414016298975
0.000688377499569646
0.0010468903469354326
0.0005357895729861397
0.0005460523592336855
-0.0021254325280981364
0.0005464003226292122
0.000976885649567123
0.0008666646118300519
0.00012787576171767418
0.0002894422298999793
0.0015814671092507326
0.0016940858842782432
0.0010710005504037997
0.0016162959652500958
0.0007925870335993742
0.000785759966633057
-0.0006665681711980159
0.005646839994380722
-0.00038837289975201384
0.004992527806667208
0.0005871318985136108
0.00032924235399878486
0.2788019753931065
0.10046645374719917
0.0653206940068607
0.22795835664365063
0.17496081605183644
0.12748116866104736
-0.4590887717284746
-0.5091129254557073
0.3321459987132352
0.3170405035046664
0.4077245569599284
0.46826382872070654
-0.6721917358402366
0.30069802859776723
0.4835253164682243
0.3789512938787727
-0.004093317756629814
-0.0025862542047011155
0.4506608566717575
1.1250156043259616
0.6258415319798225
-0.035532439719596916
-0.014840207523411478
-0.10304932833877921
-0.013842752852734652
0.15915233606883125
0.00038528299129091933
0.0373930637833493
0.04376140621926009
0.0006256274609840163
0.0010182894227493606
0.0003523547522834968
-0.00011071925296245752
0.013202794074848754
-0.00022234831077927152
-6.349827574455566e-05
0.006129499592066108
0.055850427847984045
0.03744102541144543
0.0940419627799546
0.03262192285293191
0.001295645447375322
0.038318701147311104
0.4467876041321661
0.40807172105627126
-0.021143557180818447
0.03028789272040392
-0.008684434723630802
0.0004916425906653277
0.019903937608713725
0.009788159187982799
0.0007063233111865782
0.0005789817615550426
0.0003357060269599702
0.054458001936740316
0.009405462221800767
-0.0011700111335175088
0.0027159405854381997
0.0009812546063216407
-3.7022013510550364e-05
0.0005601824145618146
0.06851238338468628
0.020431510951664615
0.027019966571962806
0.0026691215618044797
0.000741187248708627
0.03194378798950321
0.02180321895995405
0.00721092269049458
0.003229021823015921
0.000758209351739718
9.173912117384771e-05
0.0012662477236170945
0.07973265844655987
0.016718980385273283
0.0006237740130151659
0.0006061267455525431
0.00037826640494397585
0.007878989230764789
0.05110764333311604
0.010527237426454407
0.004344793122755371
9.914315215643029e-05
0.0005031549095773558
0.0029434636257758147
0.005236859719296802
0.07890757589730149
0.15630998061590673
0.1213807757853985
0.007398369131198691
-0.22000649090956056
0.03326280828319726
0.00046640167191308075
0.034821699520991234
0.0014399716196391904
4.3200948055821856e-05
0.000683749326791345
-0.01711133858236643
0.09694786264076084
0.010232057943943964
0.004305471497066819
1.089390186650783e-06
-9.759894452752437e-05
0.6413717983403848
0.23463821666200801
-0.007220439628124939
0.027107675878980844
0.01227512148547706
-0.0001812251437335858
0.012340087487984302
0.04374369740966058
0.0010504989265076223
0.00024194466268888406
-9.928548491993056e-06
-3.643299891363483e-05
0.010241438442226377
0.0025577585215793026
0.0013800394932281792
0.00012017765946325516
-0.0006195023359353655
0.00024397111830236687
0.002482703723633884
0.0008854367424631308
0.0006931527167215559
0.0001388077185857645
1.838657535393441e-05
0.00010423682038087463
0.01995720061478774
0.0004103664976954567
0.00022782695962781114
0.0005386242529593899
7.523983035441689e-05
0.0007455603678694207
0.007495134524148562
0.0005261535085683784
0.001126559370604573
0.0005006528073258513
0.0004434988345978498
0.017855789113374057
0.034576295474692625
0.007024906584922875
0.0008109338677390548
0.0005145272401256674
5.851455551381974e-06
0.000407097055667562
0.033868626720200475
0.03657419133145952
0.0011258738850630835
0.00024673648710652125
3.1037322861965515e-06
0.0016189189637315965
0.020492973074980467
0.0005754837778587264
0.00041891972623523446
0.0005402135341523706
0.0005225794658893675
0.007374000953598302
0.022466764949139774
0.012208976122757688
0.002634593983936989
0.00010341467828223438
0.0003786991183711136
0.0019775736318185817
0.022269026124431324
8.175841362066979e-05
0.0004640662741296501
0.00043940175972978176
0.00025938505267748433
0.00032744403371151495
0.01000434317454994
0.011407496194263143
0.0008737425581174769
0.00032741524992235826
8.070522721103987e-05
0.0008101295228140937
0.03715941979178307
0.0034398552638398258
0.0010368586849071326
0.0004048100641631285
0.00014842193271499504
0.0003547022795059366
0.014700020272549404
0.001211358495128426
0.0006972875159146363
0.0008557222222556642
0.00045561127343272506
0.0036957272534880264
0.08227528004338662
0.0020696673528458145
-0.00011742645526232896
0.00019002201173700737
5.504772533657862e-05
0.0005951449993372721
0.0457430599546781
0.02647287817468541
0.006126078431495237
0.0001152132148338446
0.00013414299537225092
-0.00012160713117323389
0.1025957850905644
0.0027051003753861625
0.0007456141113595443
0.0006603887871975077
0.00020911740120118383
0.000597465927067136
0.05748263807791628
0.011148211988415795
-8.22632424118277e-05
0.00027835281519213964
-2.0322207281589696e-05
0.00014489933813750246
0.06415023719859984
0.027137665045461598
-4.423055468140716e-05
0.000957651999605991
0.00015481150192625222
0.0002590943561639963
0.03260274634851191
0.0011990512546855023
0.01057332460674467
0.0008607884005068395
0.0002267814908733866
0.0030939648641779014
-0.013550696295684844
0.014635197084348822
-0.00666731283644985
-0.0008059751977437372
0.0003061204756020548
0.0013041815344838681
0.031993947066489205
0.004159027043822727
0.018800793043436608
0.0012359628553342968
0.0005818034607249776
0.00045246303572209256
0.12359914450154316
0.05919548965237075
0.001598921049505316
5.981124438838832e-06
0.000360916606536598
0.001040304619386209
0.06276714291827498
0.0024421600689104603
0.019151980243148257
0.001436853025881786
0.00024650683604071866
0.0009752536133044602
0.07189910042224748
0.04916269309902193
0.000687635601064268
-0.00011750268099130615
0.0001956498346273006
0.00135994944284763
0.09426478028289843
0.022030623273802924
0.03128307450115546
0.000977128976536924
0.0001143995668025415
9.779801714736122e-05
0.06010416655681105
0.0026762057719864206
-2.9980063763313264e-06
0.0006002362224659642
-5.487615590264958e-05
0.0003874817094189563
0.0589798280329246
0.0758136396349337
0.0024697502876765537
0.00031374652886599185
0.00010596056305466228
0.0028529630898599923
0.1140304128277282
0.05344976882195761
1.3321213220105683e-05
-9.15960350573363e-05
0.00014236335837313708
0.0010581160655445756
0.08110501138987875
0.005961247211607812
3.9653678836844634e-05
0.0002484728712715021
-0.00011891767686553903
0.001724311379600006
0.05645039013102645
-0.0004568376291619529
0.00023675191240295549
0.0006081149280169426
0.0003355074281352502
0.0003941402410302588
0.026522904093925957
0.011145804430578082
0.0003791146181777667
0.0005654884861697256
0.00029215379675097874
0.0007164176843295476
0.03453585990038558
0.05015515500640356
6.040573817544196e-05
0.0005516828829328026
5.645027585386835e-05
0.00033924889174727786
0.012772141044715541
0.001707409514341802
0.0019310880256514715
0.0004163835413781894
0.00021912665368693072
0.00016308313664789844
0.11213446159546331
0.001946753981641687
-8.686364755846689e-05
9.343255219513505e-05
0.0001170062413063826
0.0009434292056873412
0.0301147600982754
0.015000112617645372
0.0006823645129257808
0.0007319630839324787
0.0002855434368338139
0.0001549369211544276
0.07004871753719559
0.07213412403576153
-0.14008204026094595
-0.0003214851166677625
-4.0791027448082154e-05
0.0006820826842504129
0.08105343257916757
0.0891107825760143
0.018328553988342003
0.09176272127336572
0.0009568042028436127
0.0002361950210546178
0.020210429165084545
-0.0008630956640684966
0.0005833012870402168
2.998845922553759e-05
0.00021623735765218454
0.0003311856194010402
0.02666429880600999
0.007366692888402421
0.0005875017284334377
0.00035371124514880294
9.10238473163208e-05
0.0016131178642633406
0.0840375156608039
0.00886845752463622
0.0023500818682336273
0.0008689804560619834
0.00016313986613966886
7.08848651078611e-05
0.06905583738063749
0.020737374214063423
0.004869464980544921
0.00024114680656260804
1.0817576262941913e-05
0.001364905453290138
0.07333582045158052
0.0009847544938015838
0.0008766037665462031
0.0008480265586242982
0.00015201800141028069
0.00022268413187451577
0.03554248379517919
0.004061735259005669
0.0037534531633519374
0.00043848222078617875
0.0001436484909046188
0.00181221194851783
0.0715301514073815
-0.00024105183711823602
-5.491830468183085e-05
0.00017157923159890273
5.464796355489943e-05
0.0005770919472817065
0.016045674394754066
0.05706268165816123
-0.0003428418156543143
0.00048750158909163294
0.00021712671049633982
-0.0006088414432060722
0.08088260232961146
0.0012757515533695998
0.000791475942627738
0.0005448644434658295
-6.577704430510036e-06
0.0005653904336206598
0.02139756916493191
0.013726595281636653
0.0015512379697115147
0.0005144389134732526
-0.00012578431931152163
0.0009003908656790904
0.08091936472827285
0.014137872992501488
-0.0011267786178767885
0.0005560374043086757
0.00025323415528302127
0.0011441082196314751
0.03563807474553425
0.04256418491992324
0.001077826900792993
0.000855075476328719
0.00032992830441836416
1.717636931396772e-05
0.013094138731589948
0.15437128113702403
-0.0745616190547314
-0.0001100019301275003
-1.0740117855684302e-05
0.000511843804465718
0.06509101017709948
0.016051950403063432
0.008470916114632018
0.0007778932581984075
0.0003547521422773277
0.0009077117705364233
0.02359652098323232
0.011205582258019244
0.00013377524776916755
-0.00019096484047500042
0.0001588726412495508
-0.0020070556505285306
0.05777866556979286
0.03962700510194616
0.002080632950521999
0.0006144619612251379
5.614634476777471e-05
0.002376698290358134
0.06965229252019078
0.0051539986568463455
0.00018927987570740732
0.0006239004225806786
1.620132001743895e-05
0.00046009728223957234
0.01614818610679303
0.004228622658838619
-0.0011333994352341926
0.0002684832276204419
6.206933601519347e-05
0.003375114196004921
0.11236978500889772
0.037721440766471034
0.0002807557026459175
-9.315946053318928e-06