-1.8556810660101648e-05
-0.00019917121653262375
-0.00012377690743579356
0.002095932083277647
0.001086874017877784
3.673938476550309e-05
8.962245596053821e-05
0.0009536583850715446
0.006604426502972677
-0.0007823323211450706
-0.003960402247654233
-5.996450374712755e-05
-0.16800066937623162
-0.29758910302552133
-9.273728495978849e-05
-9.084373553080107e-05
8.097418025678042e-05
-0.07900176664492088
-1.0501983809405246e-05
0.005520050600690159
0.0018517732744951507
-0.0001061640867930701
-0.00879031223375566
-0.0006380081668506718
0.00043419905767882013
-0.05616199657235035
-0.4873794609439637
0.021689433279324048
6.38247605810807e-06
8.630374681723307e-05
-0.03337401573968438
-0.009308659601913636
0.00038527936028331353
-0.007829794827146543
-0.00031402764154177194
-2.8969947243033445e-05
0.00866352335635087
-0.16535184902185196
0.07921473161754344
-0.6863015078886285
0.0003493858711001276
-2.7640555379910345e-05
-0.003784524834575045
-0.00312139469422766
0.05997342804237059
0.0013310640727398058
0.0004195740785025612
-0.0507272659026622
-0.06232189548901626
0.13762724078975228
-0.1363057919393776
-2.4509213137389223e-05
6.386968746889503e-06
0.0005020760470206528
0.004406213963249113
0.0009047848979404505
0.015625821310660235
-1.753544545526156e-05
2.6564720136636282e-05
2.459982628594247e-05
-4.212898953187466e-05
-0.09816593212634347
-0.17150168432979218
0.04616203531714251
-7.217115912393364e-05
0.006063171023164629
0.11475803236753412
-0.0005736665889224807
5.4388982391442685e-05
-0.00014286207095375047
0.00019332464117158686
-0.00021186189547105666
0.1738890110424587
-0.0006124334572816581
7.715406719415395e-07
0.0012461419787394871
0.03923573947732285
-0.022911027365706015
-0.007681958726304925
0.017552171978644785
0.0002534940954654208
-0.0002468038609988782
0.008337124966876672
0.00646418791056751
-0.0006790820022740605
0.15814042619284094
-0.846133882222264
-0.7265067850379252
0.014410942954369304
-0.0006511771971514834
0.002584452951953658
-9.404113661503153e-05
-0.0003897513141459263
1.7435041975404708e-05
-1.3793885531498806e-05
0.00010648471525481286
-0.000614132282116267
-0.35500313217394774
-0.8521328942883328
-0.038357944776644566
-0.00040143296157433216
-0.004783663168805377
-2.2902156069176542e-05
-0.00016961805439994458
0.00010042203050516803
0.000157533858952197
-8.792250855115094e-05
3.612447704591594e-05
-0.0005823137546931569
-0.464742067912675
-0.09724177657768779
0.029556845293928085
-0.00033811555195749907
-0.00158500524930988
-0.0001047061071394672
-0.0001938379106567228
0.00010139291788757069
0.00016440793750348209
0.0007372360487298966
4.6286422778872157e-05
-0.0010100492316274575
0.8523371137717052
0.09137010657519339
-0.0003088220443106911
-0.0004358459487947213
0.0005734074020224835
-0.0002544125777840698
4.4202134473700426e-05
2.681469198240204e-05
0.00030409012877010826
0.0022234638808893807
-2.5232135399739284e-05
-0.0014754810850736977
0.8663935223519033
-0.0018464430760129138
-0.001560119159928378
-0.0009148465958633208
-0.009662614183764599
-0.000162971360039806
-0.0011816645553811625
0.037487241460088465
0.00025261961337462907
0.0009260766089164264
-3.783646751090968e-05
-0.001690870259830726
0.4560196285544496
-3.2881703366379586e-06
-0.0031519564485028248
0.0004055551832078738
-0.00012341589518252312
-3.67330806484891e-06
0.10099790585199352
0.013301085630847323
0.00010657490589436519
0.0014385383717892258
5.760958845930007e-05
-0.0021409465071977195
0.5761117360104927
-0.00010243695803965305
-0.007026720634457375
0.0071603661385314385
-2.5556743746593423e-05
0.0002004700553796255
0.13041591787546625
-9.25773154602411e-05
-8.598504391235467e-06
0.0008029332688758552
-0.0006374206125183736
-0.005108937385981174
0.48280414345999667
-0.0016043318292458001
-0.0040683467755436705
0.008040209296010944
-3.614540128046099e-05
0.000142116476086118
-0.07065233741262913
0.0007123551286400856
0.0007821984959265186
0.005600252736735097
3.084098488001105e-05
-0.0008456358026120624
-0.0005416935195480409
-0.0005188968867135799
-4.64355481301867e-05
-0.0011068937970663956
-2.829360486281906e-05
-5.737863398337378e-06
-9.099271596562213e-06
0.00023908163749478408
-0.0015672299313149016
-0.0034934359234634685
-0.015932944098259166
-0.020438993860185786
-0.7334798977757401
-0.005933516345674306
0.30071742085569925
0.6373888097452346
0.02616751506720178
-0.00017462229407645496
8.017308293416147e-05
-0.00010432519599045043
-0.0010726515793527689
-0.003291825437134304
-0.008339355329236306
-0.006255485497548238
-0.654456163713853
-0.003534974852881873
0.5463847257797219
-0.18180438308419772
-0.0009752882125197749
-0.0003421482390100348
-0.000322651132851111
-0.0016536624358979455
0.006215913629558356
0.008468446042082366
-0.2641984705025857
0.00015779228995470879
0.06269492438298851
0.6097924403088845
0.19770761849240676
-6.551671969054446e-06
-0.004891124641102719
2.8253002253951947e-05
0.00048115636501111595
0.09388192058886789
-0.00014240193765690894
-0.00012852580246041728
-0.21245689925485978
0.00010580214528779781
0.005934209396275045
0.4397045566708301
-0.11019580558849704
-0.004185821428702162
0.010771534851817864
-0.0005228714410814892
-0.0009076942597393537
-1.2838295025716186e-05
0.002256665800569875
-0.0038889855291324577
-0.0008203030498644797
-0.0020979455339177884
0.06136191780808539
0.4991567402289032
-4.578969141662216e-05
-0.0002839827150949582
-0.0007112372984885209
0.07435323423610717
-0.0005738759912436612
-0.0001277569374223828
-0.002869181756151126
-0.005642801698921771
-0.0037724192004539863
0.007954453982191743
0.17598747751645277
-0.003502065649911073
-0.18719650376364333
-0.6522317180636501
-0.9692247783478963
-0.05787535850790986
-0.003686294295931322
-0.007673969151984411
3.129487131308438e-05
-0.000507164936687861
-5.295916245569186e-05
0.00554899600695708
0.02629438765111605
0.02752520997693147
0.027157000065649795
0.9274478829698648
-0.7318640698342178
-1.0740821138567926
0.18375209812446017
0.02248502966644258
0.007384636771751348
-0.0029426493635569605
-0.0015318663464562927
-0.00119400815271672
-0.007581312576426947
-0.2905305720420405
-0.6929452424100856
-0.04141249621162168
0.0004609549329211933
-0.008605712853740196
-0.13728070806592046
-0.15261481513842873
8.678266303043336e-05
-0.0017983215230837732
-0.0008320502910300863
-0.007164873437534708
0.029604859308250953
0.4115087663887176
0.9302321692851824
1.7763115551496984
-0.001759173761686716
-1.458706230609575e-05
0.0006619649538415649
0.01354165389692352
-2.4543505877861277e-05
-0.0009688127130697568
-0.011085329777494803
-0.010483396426748167
0.06717693110657944
0.0297144650939308
0.5143836480007413
0.5855897681642936
-4.495387066083256e-05
9.602962310797768e-05
-0.018285098200485406
-3.7891274140472144e-05
5.154300490756361e-05
-0.005679522068798808
-0.007295128115832783
0.006933186670703373
0.001684980713066381
0.8459507882900873
1.7683342213035722
1.0820579871831635
-0.0033201032714429623
-0.00220161325015261
-0.039501505570291695
-0.006098818102484265
-4.913347728685136e-05
0.0015807639903291622
-0.001833535585256666
-0.012013987756256799
0.0829125628301982
-0.0001362274610309648
0.23251575994584586
0.03669298221844608
1.6417051366048898e-05
-1.6077419052651027e-05
5.548498668210489e-06
-0.00017800420036421803
0.0031353331157834095
-0.0009434861696282914
-0.005017841918648999
-0.006694760494330387
-0.01613871850930527
0.033993988590768
0.51486410084824
0.4850928233207937
-3.915395999734284e-05
2.6202521737023074e-06
4.539416210084334e-05
0.0005963251877703287
0.0006829043227042178
-0.0010166358830297954
-0.006483710832167174
-0.0007842575024867492
-0.005283169452795211
0.016502927402104975
0.4559307812551762
0.011986936312208438
-1.555656648675345e-05
6.1628878915793715e-06
7.508855188620889e-05
0.00130038753244963
0.00047175614537585663
-0.0010976241071883677
-0.0009417835385095206
-0.008748305648349369
-0.008430855029388023
0.5986619720532771
0.2518446109229705
0.5821059989132351
0.0002335990500366645
1.0896944721706562e-05
-1.1997868080831365e-05
0.001112943501139738
0.00021721101448768596
-0.0004649888275601259
-0.001367975557552148
-0.004029922829416708
-0.0048265333689328435
0.16808062196272855
0.21829325779392794
0.11022035116243732
1.0523732280128232e-05
5.535774729941141e-05
0.0002576536264818873
-0.000200290267864011
3.353078355917497e-05
-0.00019720875647489421
-0.0005207943129192226
-0.002712964872905318
-0.006013001538982478
-0.006609626259143449
-0.000786167201839432
0.07539549216971557
-0.3510654685689498
0.21267052810758694
0.00024831397537314874
-0.0005929114795214708
2.484665986850118e-05
0.08452280158677301
-0.000240690613248432
-0.001089793990543267
-0.0027273466624494593
-0.002544807590284311
-0.0002478108615669514
0.01936744755181241
-0.34942070715712437
0.16257542107110745
-0.000743591544118192
-0.0004294804959614521
0.017412320616251743
0.001886148005848925
0.0016807808764605385
-0.0008442175443445054
-0.0013359070286463534
-0.0037740124461041196
-0.0003064744951999956
-0.0008176410342811858
0.26018525268249026
-0.7170594751386611
-0.01794241218178328
-0.0013146301998495271
-0.0006495927199650611
0.028825791690369147
0.007729068129550553
-0.0006111800009513837
-0.0012198194767378562
-0.0007077255583207333
-1.4659489735554825e-05
-0.0003135180018001336
0.24727928181700562
-0.6188694584415614
-0.03647844584216125
-0.0013028493753000296
-0.0005220087213611408
-0.0001759857341514929
0.008261023279412581
-0.00024692739714964187
-0.00022568984486277612
-0.0008408221949260615
0.0011391501362253257
-0.0003060543964108097
0.2218042397325079
-0.46612366403595773
-0.27320085871920874
0.0018465632379699305
-0.00014234099383822043
-0.0021397599516356967
-0.00018629045955012347
-0.00044539158128644596
-0.0005051306757164933
-0.002407633511437692
0.0008306621393475238
-8.77518946448882e-05
-0.13664245691752527
-0.5792937847898917
-0.8882063488976589
-0.008990726342128543
-9.172621599824777e-05
-0.009742102607986006
0.0002380288914855763
-0.0005687774008074532
-0.0015679600793946252
-0.0022699797799565972
-0.0015982708836967078
0.0010615494232509917
-0.1999280409248569
-1.2266219650680148
-0.6205934513690681
0.001207212882037281
0.021146715726156267
-0.0031025314580922646
9.255895868096774e-05
-0.0020068695818384595
-0.0018116206316583568
-0.002445232362695619
-0.004605782067456837
-0.02468417413827277
-0.4562650558584839
-1.556557331942601
-0.21316920190973207
-0.005156741434115142
0.0026777870848999344
-0.011181876733665263
-0.00043597502948767046
-0.002480838417450333
-0.0016863452451290571
-0.004649188041574719
-0.004621977867907165
-0.10477986217395618
-0.8696367936125812
-0.8437618095358747
-0.028794826495775146
0.0006754184487592623
-0.010140028049307017
0.021203628799219363
8.000943244840751e-05
-0.0031608590211789833
-0.0031151037850710574
-0.0015233354731402327
-0.0014299795493066417
-0.21366943422469636
0.9188633506399904
0.0051242258718152646
-6.8005055115164814e-06
-0.0006177718586606667
-0.013177096753597342
-0.01978621444167518
-9.058558709280213e-06
0.0018434840841469937
-0.0007723247118479677
-0.001058662498496271
-0.00022161990685816194
0.0767514952481365
-0.5991945804020787
0.00043095391117779574
-0.00018888535031797148
-0.00012836297477814847
0.013389291915560491
0.0018481659277944274
0.0012334275705123466
-0.0005579777223100531
-0.001296878852479409
-0.001099184970463619
-0.028798944614948172
0.28377613450954564
-0.20935167645026953
0.0002543746885035375
-0.00046525413898530467
0.019545097853544274
0.0033995575383697144
0.0014075607223018357
-2.2689853139984356e-07
-4.320592124636057e-05
-0.0005843435309719467
-0.00044203038024923265
0.16653637035998647
0.19531355452871915
0.7550970596608619
-0.00036980530245957156
-1.7764649907603714e-05
-0.006317395222921718
1.0092963943893687e-05
0.0001355204072623701
7.575120218038779e-07
-3.1826321459364996e-05
-0.0018597332966497815
-0.003411843380433012
0.05490176938120876
-0.31367440689728115
0.052787159839847504
-0.00023327086412759264
9.339534821774852e-05
-0.0008097131366056723
-0.008284995366504833
-7.425002048480208e-06
3.769161280926641e-05
1.7402242640601883e-05
-4.155295261487728e-05
-0.005722955269500111
-0.00012207928707844913
-0.5788857040405064
0.28639362512926664
0.07477148422537008
7.912184651720043e-05
4.616896021771816e-05
0.0031456714799514658
-0.00012514778407526577
0.00019226921281646843
-0.00031406259116953416
-0.001496693869449002
0.006455358268989513
-0.5950289336938128
0.2704703555544515
0.39536886946267585
-0.0002531981171830939
0.00014661088691139313
0.010297015711322235
-0.03088180746524697
1.2287501766879073e-05
3.640109867489112e-06
-9.708280888246893e-05
0.0009484659942100896
-0.0003931219049070565
-0.16389079394310258
0.06263827371072878
0.1326694764028825
-0.0017304101014995836
0.005673460417173728
0.00031368775422685994
-2.9218571002517547e-05
6.036002400323733e-05
1.3990421242971449e-06
0.00031635644306151353
0.000655136379264957
0.004252784514529646
-0.0029413782766047154
-0.006618105551132263
-0.19169419755871203
-0.38556983855736776
0.08602265339825552
0.0005794583926215846
0.00021910223419945534
0.02128988174136027