-1.8556810660101648e-05
-0.0001991705038613822
-0.00012377236960717084
0.0020956947438364217
0.0010869091293554027
3.673403064072869e-05
8.962107990840955e-05
0.0009535853084998668
0.006613615430466249
-0.0009753515734014037
-0.003829734770032269
-4.8029869292378495e-05
-0.162940925252708
-0.2853557111969312
-8.247541206004148e-05
-9.155594489353085e-05
0.00011637824140685551
-0.06083921439291459
-2.310653894489864e-05
0.007294627053264387
0.001994053818879245
-0.00011914023042299335
-0.005858514485125782
-0.0005641757953946098
0.00039461220102659074
-0.035787848997836304
-0.48663626389084813
-0.017096630008927697
1.0555839619936704e-05
0.00020915119927446808
0.026802260299551364
-0.003106817365955073
0.0007298032953454221
-0.007239629178388488
-0.000128747377462992
2.178548804849124e-05
0.010739928228074288
-0.026313485170852247
0.03863474398900779
-0.6613786356980482
0.0014605618243573623
1.828015531022883e-05
-0.005500165156884184
-0.005457866334218105
0.01961845033976229
0.0016812353534091974
0.0002295185741081733
-0.0887324735730479
-0.1882186429586796
-0.25734806438320984
-5.93467781656182e-05
1.3064508029207063e-05
-1.0668335525599627e-05
-0.05505366847805603
0.03514714572713226
0.02807040860628409
0.0008581470154634829
-0.00012772146260388192
-0.0001259764604608581
-0.04899415685623086
-0.0014925424931743648
0.42357723240898065
-0.0002730467641323521
1.407315802133057e-05
0.009669763522525479
-0.002685695720690797
-0.014426461301806399
-0.000771079872912041
-0.00010696558161444162
-0.00031910291120996976
0.0005235673604548814
9.193190523986471e-05
-0.0004292402258165297
-0.002632979203237527
-0.0004272318478568341
1.093659555361427
-1.8715681128703021
0.012450821241552883
-0.010449782077079124
0.04289386502581765
0.0028052999273261766
0.00023358601267012375
0.00011878685004472379
-0.00017019777397035623
-0.0006654597410787062
-0.007294419002801984
-1.0626110072901844
-2.1006651938347485
0.23310836646362532
0.011811740106012743
0.010733452972837282
-0.0017431551041962488
-0.001642763340238588
-0.0003267754260702617
-0.0001384039031495011
-0.0011597020185883477
-0.5161419809425887
-0.06328699441099118
-1.1150756980457366
0.011704183201975997
-7.70043025346662e-05
0.0010425227259815873
-0.0006734848698765422
-0.00048006641830318633
-5.682196258393283e-06
0.00022051387818996246
0.00013415349920921027
-0.0006130497957266574
-0.0008611410004472013
1.4819481478993632
0.9480467232291886
0.12602193671545586
0.015730519856211062
0.011993115820790934
-0.002985447816238765
-0.0012134688387464257
0.0004021570080172025
0.0004827123115057215
-0.0031509830179180087
0.09686211628465752
-0.4098889736439459
-1.4753670486503339
0.009937871119859318
0.003413406093099294
-0.0032248860167145388
-0.0004371620668000434
-0.0007154790341339401
-0.00018218059471010911
0.0029106192906967147
0.0007286780007477626
-0.0003838243077646097
0.10413617908676115
1.2927779307041947
-1.117986497026011
-0.011483111983342648
-0.0076516342646798996
0.000766522589911541
-0.0007147829646205733
-6.826160429389256e-05
5.109448028636342e-06
-3.262458926497079e-05
-0.00018273314794424691
-0.0006644326537294449
0.5088054906495229
0.007427692747483458
-0.032990579056197296
0.0004542563142874302
0.0007362030276116907
-0.00022323874534087304
-0.0004245816187587196
-8.353240057454302e-05
-0.00013893762251470976
-0.015808160026068285
0.07995478047968434
0.35705858533748425
0.0033552451396712756
0.01341713906438097
0.009354934530680044
0.000736303063655536
-0.01235137836523694
-0.00018034641226250507
-0.00023471879510074018
-8.395380954744585e-06
0.0007884719676267174
-0.048677330677584625
0.11967718588533165
-0.6431322430689062
0.0006186156315385373
-3.4605478629334617e-05
0.0004895522183454621
0.0005680231782973804
-0.009083143753235596
-0.00010349162675862322
-0.00011578325180172217
3.214554286772194e-05
0.0008628386401444524
-0.14095359644449834
0.23112460066132762
-0.10446383801549486
-0.29588288852934713
0.0003164478596957285
0.0004348762136799767
0.006018075911908824
0.0037408590621688543
-0.00020982593763187746
-7.618723628791829e-05
-0.04026881424011177
-0.16033899330145301
-0.2096181830367468
-0.07484937394847922
0.08317765413892729
0.0023974170572035043
0.06725813798899846
0.00011122907922948884
0.00233220127640964
-0.008712650686610396
-0.0001305300435104243
0.00028453216646084743
0.00018319467339652633
-0.04059603842039585
-0.06782770413804581
0.10001797806590973
0.22484988039303686
-0.04902618305097484
8.574019135275053e-05
0.0011634772069336126
-0.00024239783213891088
0.0008384046186060692
-0.0229789731884704
-0.11758870204323162
-2.548640996626063e-05
-0.000182714259521828
0.002637786269410677
-0.034237041538648975
0.00028849477537773303
0.00031744656291366813
1.3169164141807824e-05
0.0005078223218020606
0.0011499936873451617
-0.0003421411287105495
-5.072266477760939e-06
0.00029417760221697395
0.0016632400891679123
0.00014124486529656978
0.0021641120644874026
0.016953138156139087
-0.25345408511947165
0.00020500615092797607
0.000457782527585619
0.00010415670936373709
-0.0021873199888577765
-0.0006904709578832834
-0.01972011414078161
-0.00788254025457833
0.0005298585871170523
-0.00048037239346965547
0.03761691173703669
-0.2084583478736784
-0.25437241957224493
0.0017670433979674318
0.0016603188559521662
0.00281502199941626
-0.00011351615931973761
-0.2248183707213148
-0.0002324779511824254
-0.00017615408151326452
0.0006917034057378246
0.0015874031810174953
0.0003102185932025346
0.000541030974090478
-0.05447486832162325
-0.2513277035802663
-0.0033425002196482726
2.7692060738900988e-05
-4.2923492138758465e-05
-1.3837561314660852e-05
-0.00022838503389718213
-2.4902085738161315e-05
0.0010915457035251346
0.005380858784134522
0.00732777848921982
0.0023865356916757453
-0.11518357423924111
-0.34950292767513574
-0.5525578222510271
0.012124317192850937
0.0011570007885756363
0.012031565214555628
7.549481451862778e-05
0.003544308944957478
0.0026372091113874277
0.002197230699774264
0.0019047354689589457
0.004814144950547939
-0.13635898587757345
-0.38187795926773394
-0.09968322690664878
0.001101737529639987
-6.366972835235644e-05
-0.001667487066274043
0.010748521637709044
0.0011632152918202427
0.023566170337022345
0.019759762413335182
0.009632529222616544
9.547286878692264e-05
0.000736149143098471
0.012608086864529078
0.0006209167967564084
-0.0001651095151330252
-6.639005022028987e-05
-0.00013321278241288962
0.0021878200147101372
0.016229050949430435
0.022276943940825022
0.014175121124396872
0.0008193430260177044
0.00040536747883235886
0.0035620308780246915
0.0007136515924660682
-8.639234422446335e-05
-8.000931322461233e-05
-0.00037522855247408955
0.0007929319010540443
0.00014463814876602876
0.017916110593051763
0.010737027339830904
-0.022768739535085045
0.001082028440563773
-0.000479676382837854
-0.004991790838929522
1.7384714943471444e-05
-4.4987444463178875e-05
4.9858064007220525e-06
-0.00026219018114198995
0.00047229176733994534
0.0023030131679666367
0.00876848159143223
0.0009029771387143209
0.007838728898730567
-0.01269044999818966
-0.060979741496729106
0.002413283678382072
-3.112780589944107e-06
0.000895060381960306
-6.549872770344574e-05
0.0019279388255260487
1.4790751344469531e-05
-4.459457018445861e-06
0.001937691330264418
0.0019402347141233792
0.01996440457485969
0.0017693623307052683
-0.040514640229034726
-0.282088497715194
0.00041106696228096945
-0.0017887883233336343
-0.002140863347005836
1.789857673885531e-05
0.0008928920275110782
0.00010599042523924408
0.006867510694178833
0.002322860061132457
-0.014989768111998775
-0.0057660688698745076
0.0010763003621312255
-2.3666841590087377e-05
6.319252220556799e-05
5.666611205320083e-05
-2.281039733051637e-05
3.2884157569427286e-05
-0.0004997194182407602
4.0284840715593004e-05
0.000470272135246847
0.013162217866689762
0.01633174515213104
0.0077646077188597866
-0.15777925334721912
-0.36217575901229726
0.0013787691004853784
1.2631959803741937e-05
-1.625400654082307e-05
4.0638129038239207e-05
0.00030190986354717837
0.0007867222590082693
0.0016131550549413657
0.005573121601328336
0.01340557311432259
-0.03602199371059996
-0.23581420479432072
-0.1269753727512194
0.00020846905653057864
-1.9664635250189687e-05
6.478944596060395e-06
-9.944963352478125e-06
-1.8890223589151595e-05
0.000920889494519439
0.00047633256283499296
0.0035326025857325715
0.008975893254233388
0.006336644280392897
0.0008988620727669928
-0.0004708577190522692
-0.0018146303946488464
-0.0011264221911558934
0.0005696510007270545
0.0001772598386654618
0.0004973586469188312
0.00029149875742398216
6.842386307386118e-05
0.001156085317578007
0.003764542265333696
0.0007542595971212575
-0.006318693806361206
0.0016676560374777227
-0.0009677610926045335
0.0010587127739615995
0.003633135261451578
0.0009801787317627961
0.001588839997650501
0.0026479159243325005
0.001061183088292346
0.0004000754026289229
0.004080728288710688
0.002040872314939606
0.007957852703101736
-0.003194638838240323
0.00015711753699574233
2.4296525117195782e-05
-0.01713342237978002
-9.127861128343194e-05
0.00029623219535486906
0.0015777976324447805
0.0009503844858896604
-5.941563820936599e-05
0.0005590186822533977
0.001746404861398062
0.00021908807431548585
-0.06386797174401156
9.359367831204563e-05
-0.018769836974252205
-0.027971046791245062
-4.38798335168434e-05
6.151819299295754e-05
0.0015348741836249493
-0.00020447923175295296
0.0013893898133228574
0.00035350638256329594
0.0011859538510314417
-5.9928712455667466e-05
-0.016955574814891603
0.0017747275249934851
-0.027786164056449292
7.141614402498471e-05
0.0058669222071978805
4.64305137982387e-05
0.0014137700565952278
-0.00011676525704461397
0.0005274170706759391
0.00027366383480184625
0.000711726540444505
0.000533014242389375
0.0016250407613147412
0.0018227559504034934
6.747922455075347e-07
-1.0384751034591154e-05
-0.06026290991759
-1.557326710582182e-05
-3.0268846872849187e-05
0.00029607438826419186
-9.377292644327528e-05
-0.0003933825255669713
3.771399135168717e-05
0.002631038658874404
0.0027027285044916175
-0.011241225716283103
0.00010190275530384422
0.00015215286022102426
-0.054872015973494
-0.0002558349838711346
2.1913717095584012e-05
0.0006649855480251187
-2.6149673921209446e-05
7.014899159590218e-06
5.626630305884064e-05
0.0009055272034589332
0.0011571212449539888
0.0009139009235987268
0.0002738010119722733
6.065497056357953e-05
-0.07630719991600374
-0.08936745274292651
6.523310225392275e-05
0.0001696574727773421
0.00011972348070598509
-4.629729425174327e-05
-0.0010871345225140767
0.0003059955716214869
0.0004539590545123139
0.0018295397721882019
0.00028359033527693237
0.03414741387210433
-0.18020042163923888
-0.15970485589858793
-6.494731513652941e-06
6.535688649418311e-06
-0.01933504606034031
-2.5759184480042908e-05
-0.004654074392042135
0.0004524357433346909
0.00039116388864520656
0.0023568671836711468
0.00046777464579813124
3.511348489265942e-06
-0.0885537751168755
-0.24157359441336165
-0.049441300354637056
6.14951915023475e-05
-0.0002097348622200749
-5.8881164874954646e-05
-7.219058110235988e-06
0.00012140002381213722
0.0007188331227078201
0.0007376033501361468
0.00020282813890354234
-0.0036539483662258415
-0.01633663060208075
-0.14280993464825273
-0.050007399004583855
-0.00011123373622683656
0.012507775192008139
-0.000240569076454889
0.013738164972133439
-0.0023669985001081163
0.00045449824860366176
0.0007862697490038543
0.000513823374997764
-0.03177032417356149
-0.024673810317440474
-0.0013811973005875562
3.3035095487525274e-05
-0.03768221382072163
0.011086716599472314
-0.00026699371165903366
0.011914281424629218
0.00183519856705629
-0.0007695214310723422
-0.0006889329112068441
0.0007710888266400497
-0.0015912080865390244
-0.03447666481466901
0.00039609912550626507
-0.0011819003977322792
0.0022651794356159313
-5.470872934846888e-05
-6.9471266413155e-06
-1.8226763993573268e-05
3.3081639801660115e-05
6.918590734915716e-05
-0.0007080669301683716
0.0015205845896946475
0.0004948172991841532
-0.013093798814969939
-0.10369185139908006
1.454174990941852e-05
-6.165520484241535e-05
2.5539068503597913e-05
1.9085757454498474e-05
0.00013543844168520334
0.0002682407029491775
0.00010852343365121832
0.0009689751723651383
0.0011401642445498575
0.0004400611775854493
-0.026471220997543277
0.11931787763997447
4.644326412958164e-05
-6.057414147970866e-05
0.00032089254014266706
8.726067566343541e-05
0.00046181841861133403
-1.596846922631389e-05
1.771561363644158e-06
0.0006283152599907454
0.0009093605271265143
0.0008760051174231548
-0.03916967589070986
0.0007160533386441767
-0.060339659861462704
-6.146081010872858e-05
-1.527950438889679e-05
-1.7951036836184335e-05
0.00018066139311973407
-4.499191137583745e-05
9.506388451704409e-05
0.00024286221215465405
0.00048089576200368526
-0.007432296224311157
0.10785283712948901
0.00010716005251639742
-0.000104969850477993
0.0013357438357735137
-0.0012298794887019321
-0.0014536094315135474
-0.0001686998006105993
-6.381397275351827e-05
7.635625703871875e-05
9.18075317419121e-05
-0.012919039327879285
-0.0012766701960608938
-0.022745034930129544
-1.92609730130578e-05
2.745870092013383e-06
0.0009258430005799384
0.0021346785298287543
0.0033948002267719262
-0.00012036594599293407
-7.275468170861401e-05
3.9576011053922895e-05