-0.0005671460666025494
-0.003946817705193379
0.01609477902974115
0.00021272396085122983
0.0014426974677524086
0.0016340803904564105
0.0016941078966918202
0.0026508667729914412
0.014732228140779756
-0.000602383563665706
0.020896141722774902
-0.0006999545492845752
0.11193772154669798
0.08639973528769752
0.13423603006696505
0.1012447563138262
0.11705575706475894
0.005505271425208592
-0.00032304758216699617
0.008033072350899926
0.09121322594658435
0.09947079687079222
0.035394966080575296
-0.0004182849855022634
0.0004367361075146823
-0.005549003725619181
0.022312306957664195
0.045448345575776775
0.011982121179613931
-0.0029442230426695195
0.016867158298942534
0.08161981750766892
0.039588131395218204
0.009763856102469479
0.012270814497038514
-0.004098354999487735
0.0007535187279154391
0.0590239343529216
0.0773325748451382
0.025714844957530573
0.09775104584054249
0.09339410451422926
-0.0019595963573386887
0.020223189368559824
-0.025992533732024526
-0.015016200381635902
-0.009093145379885098
0.03463612146613508
0.13038335591208017
0.26168482129085296
0.2516479805748629
0.042063072538673696
0.10983433616102117
0.03451050618507412
0.18126668009728503
0.0016758254448519423
0.13779250482629413
0.1122346011397722
0.035280924289321745
-6.576407025126364e-05
0.05765739702985981
0.1500351645129437
0.11512073928501136
0.06777387738794795
-0.07734331666838926
-0.1667137544182061
0.1283478207901209
-0.004560720549271994
0.591890099957709
1.030244931090317
0.23907125499287968
0.19829381719946182
0.16236502941259034
0.16552324343832198
0.35732187005997
0.2899377249113047
0.7897102692494615
0.7013706097197774
1.052961996590421
0.00021990801030505954
0.0706323292822444
0.09792094973534674
0.0021357749685247548
0.0018190137554451463
0.006397722901348823
0.06916289985849496
0.014096570711227637
-0.002519403899376543
0.007320607135584177
0.0027961760033302758
0.031028642969435517
0.12165136949847921
0.15015776184969465
0.05834489449517787
-0.006589275563819598
0.016728599146737026
0.05718087043270282
0.1533275393724775
0.059552264888537966
-0.0041828316063636335
0.06963424765249185
0.3071288017086101
0.4033679732763197
-0.015793002947019366
0.032498357788190525
-8.100252276888921e-05
-0.04517872683194874
-0.03677671410881718
0.04379009050021533
0.07995913860297865
0.19276703159218517
0.25228403405009
-0.05752107271210544
-0.0011885494892205533
0.019074380647256126
-0.004935046445624198
0.0018458248674270987
0.023920982172171593
0.04759131159490944
0.06311930725031849
0.029242201724177377
0.14353914253006628
0.19476145690581015
0.13470654296855755
0.39077973680450095
0.12079656040410432
0.44345191113991855
-3.214733673201903e-05
-0.0762979134808148
0.003047154984846441
-0.018495216051348583
0.022573621012255927
0.258594173789537
0.1857496158839434
0.20734583253886843
0.035473037356786585
0.18730686932659057
0.28497872588040973
0.6032073421862291
0.13049935893829576
0.20772054332364234
0.011571643342093062
0.04075623286383799
0.11833000247172161
0.2856234108407432
0.1233607298375498
0.08900745393380555
-0.0008195437536919327
0.15665800509904695
0.023702781569688434
0.04075729049650273
0.02974093911493022
0.005518335529295898
-0.0014185827649761053
-0.0005958702071248507
0.002808289585692124
0.15195179413593807
0.22690496048139575
0.20400903641668522
0.017739875994268992
0.27813668838847666
0.09615444161003617
0.037421139416274014
0.09561452840877893
0.04389727711276268
0.06193928306901518
-0.06482543718563477
0.007699765444267378
0.1758859980956876
0.12517929682007653
0.16376147602198263
0.027915792010471587
0.16739498339491515
0.5524024107262719
0.2565533454549055
0.001797295153624265
0.02320706579899155
-0.06735599671335461
-0.08573261022432109
0.0009960420404647467
0.11011263340166472
-0.03785721564557321
0.00023298392224318555
0.0021436476457547104
0.13474805837426762
0.4523601775757859
0.007517712864838983
0.09212638325096822
0.017986011896529396
-0.00017714759875444907
0.022514911938733412
0.047039229761791
0.06699024133432341
0.14875880121207144
0.15519964873801323
-0.001479634314534945
0.19777373265270395
0.5288150723339945
0.14245141397374803
0.00713857770111482
0.010910985742541318
-2.8831298289382783e-05
0.004868603665908338
0.014147669876143215
0.0033034182008574255
0.031976291669457806
0.10619636516969248
-0.010575243933626896
0.00485100210509346
0.008410294973021629
0.005593555220922256
0.0024501084686803856
-0.0003354708329112569
-0.0020399585397405614
0.0007085167412426544
0.009966766314298652
0.015026804402661895
0.02179865796393038
0.00020057992858936758
0.0004942592710624155
0.017525821455932355
0.011735504043805295
-0.0009196923730418587
0.0063202565697390795
6.260145202018134e-05
0.0002849864737820216
-0.0013940834035093984
0.0034836608908889156
0.02601178273036249
0.005426701024767979
0.00019879378754057733
0.00015212622198562922
0.026107088719357727
0.13443963392665903
0.0037890963010619883
0.010892638690339785
0.043903362824675135
0.0009927444060610195
0.0032158627260142473
0.02751663075797561
0.0696743718424712
0.012950482981202402
-0.00017136797834381307
-0.0003862828906754344
0.0021505490522458234
0.001570203233761321
-0.0006226022854671399
0.01117860094884602
0.03379303673453258
0.0009096210952778816
0.004347722115200518
0.10124659142503403
0.008861118721349459
0.015499253948884857
0.0020159349266115146
0.018640494065094458
-0.00013132012597270846
0.005103614845549354
-0.000880738904005908
-0.0005761684484760251
0.016485096312056777
0.0006016801860906869
0.021492566488480375
0.024865656139311628
0.05570448172809538
0.02438785385045701
0.0004301263351931589
-0.00042292018516594326
0.006051357431675731
0.017710111084258233
0.00629680675128542
0.0018109009257205287
-0.0005994787980707913
-0.0024215079022671016
0.03147341362032644
0.01566119334116223
0.010015537398452151
0.027579535562842438
0.0020154112184222837
0.0014827784848116226
0.0059888725617193005
0.016515012207446098
0.00023046457508351403
0.01248923298998444
-0.0011884834905810547
-0.0013018259117201455
0.0012955997698646737
0.009849132450111037
0.07618489126419963
0.09573023987412645
0.089064654702866
0.0018507068579140563
0.09402464984046094
0.047258920436394763
0.20544203869688474
-0.027008202234009102
0.000522784379577577
0.0014831152961168373
-0.03776655902846393
-0.03994188242944603
0.0029088514382594748
0.013831355399754889
0.04136402489699517
0.001118777720625586
0.011763639988523077
0.023983633690642728
0.0052869370414998845
0.0031389178490409584
-0.00015386913095792801
0.005860509436752487
0.05220912075043328
0.0357936184755196
0.0006392605194058803
0.001094159727150865
0.007356826443883356
0.004292789108814828
0.0029491994399027848
-0.00015382425567570757
0.004770976576109646
0.016783946238846024
0.0005668379841086105
-0.003501062748100372
0.04945959067173983
0.053307122114865275
0.0009114309938971648
0.00032953491052951385
0.030455563728369515
0.0013960903734831942
0.0009132218318104795
0.0007637058554995962
0.002590828066387829
0.0013136835035846642
0.06477868849867678
0.002786756927971756
0.01814025515823063
0.040192987998595914
0.016136832110465633
0.0004900049525730253
0.024825125388589785
0.0014486514482696395
0.0010281259540929634
0.002833678016731824
0.000612700413390428
0.001532571005753973
0.05423600129951189
0.0012652739294653293
0.004997545277515073
0.027883405953677023
0.060558430197754226
0.01147093839284719
0.009970682561871355
-0.00013037204310085626
0.002279918324457806
0.0037489272427171983
5.8439895182456734e-05
0.015375671768338693
-0.009077285854429249
0.0013077962432684535
0.030928574960265662
0.051035271912997233
0.08299493864206284
0.017087853921677717
0.0012645841823851654
0.0006014451916844665
0.00415039603847682
-0.0006451350405770435
0.006315405344345276
0.006509773936409496
-0.0010911450689905493
-0.0024148131410375007
0.0003863611380400191
0.0019044774517015016
0.02372473249123225
0.0011419134745931736
-0.00025450554087087015
0.02478197735854171
0.0007553908005885662
-0.0012449747437052326
0.0007378682354677136
0.03526875344785099
0.12225913482126263
-0.0011935554974076509
-0.0032182550759749413
0.002249734144551513
0.023650949340223514
0.04935805884950526
0.00464704202473889
0.002741377671034282
0.00026271071047626336
0.008858792454028808
0.002579642171375911
0.035106457979290254
-0.0009211918287233521
0.00020116085787249795
-0.001995528501627836
0.002368675196622112
0.0020014711771300974
0.0047366005310295
0.0009886089874207328
0.00019108734295925805
0.002385037703290843
0.0026399865576562306
3.8012054843971328e-06
0.00935340074679495
0.0005490826151894146
0.0012719941074894419
0.0006984689737539045
-3.347743444931653e-05
0.002196244267548847
0.01143234991909464
0.00017896404073645866
0.012181908514346324
-0.0008788089697416671
0.0008021683565290583
0.0008077326851984488
0.008083986249777127
-0.00020302861162285583
0.00038879128470891366
0.00015168728609291513
0.0013122688165739956
0.0010029420151804256
0.009158987385434244
0.0016307811672320008
0.0007768093336543899
0.006879012996360724
-8.040323425304891e-05
0.0006288769945801684
0.0007923888650257065
0.0011207223933837544
5.619875600194021e-05
0.0021630628757608123
0.0008805786044429355
0.02804176162152782
0.0007223730444906144
-0.0009554148269667461
0.0005992251234203739
0.0020716864655138784
0.0009508737709429571
0.0002896238733729958
-0.0003184047416537881
-0.0003012385921839556
-0.045043735533775324
-0.00945395059732114
0.04301488672116991
0.04257679178142478
0.001776273068927324
0.00018108493698937422
-6.360519644707543e-05
0.043844527824321446
0.00014350616868543455
0.0014984659002370505
0.018150430932103084
0.004802033448077029
0.0016725280818420995
-0.017435114745978884
-0.019888778066474776
0.09840179502206267
0.05573291883382629
-0.007845391979923951
0.009766291452858485
0.024849553336947508
0.05168494148268496
0.0026968441766162007
0.006461130393646805
0.011480852253979693
0.0030368683551699302
0.004034885031978538
0.000547638363083805
0.010205845902549023
0.13446932280226956
0.10959743003212259
0.03565904952966697
0.014168591927635636
0.00011718565309856496
0.017810026428178725
0.05235653937205384
0.0714782211285417
-0.04627853323766183
0.0010142506307248558
-0.000323711051419188
0.00012399177105944527
0.002074888358708393
0.0012636872774841395
0.0008141702197546819
-9.482489433345358e-05
0.0006838003961296904
0.0016117873789775806
0.004633959483879236
0.018058323020708457
0.0768568052568879
0.0035305994534448565
0.007277265448210795
-0.0016714024032971654
0.00443462598800742
0.0012299692926983615
0.0005934801148516535
-0.0007153453990205196
0.0033944600224484122
0.000793887183658403
0.022232743926514798
0.038835682056825874
-0.00020557784757793454
0.00030158612814398637
0.030542278634394484
0.0251873155531439
-0.002829768760955728
0.012102362892994623
-0.0008056487827593923
0.047476910361886004
-0.0002638795819949261
0.012717898372608512
0.0024606770330738354
0.01781170949529872
-0.021220349129552885
-0.006617838352620727
0.011204800796159523
0.014094718113188806
0.0005768147117530574
0.0023524594916712618
0.00013966330762636776
0.0010272914534054309
0.0020141576267454354
0.004485902614397553
0.024271867185402737
0.03151036372445176
0.006116340239404154
0.0016943914448576823
0.004716079183338442
0.026064024212257373
0.04033192643233884
0.0028226369707946785
0.0021454196688334157
0.00014410973464827972
0.003609499295533505
0.0052928095002812165
0.0010886096111614185
-0.00932220861539405
0.0036532837245499584
-0.0002986910155395359
-0.002929304035870575
0.058552054107862746
0.04713751296531961
0.30119826141021694
0.04017752247673107
0.1656281193175112
0.2811593278234337
0.16328282875001737
0.0855823653170298
0.09138349352849177
-0.03556491831831034
-0.05167157761502723
0.0423502823314816
0.201706561650463
-0.04317443871042619
-0.014029498569005767
0.0008937848432814531
0.003177970084249673
0.13789719864257297
0.0481027708213058
0.07878607365008167
0.07763904081256542
0.0658636751680042
-0.07298227094205066
0.06211809283180063
0.11431911689633559
-0.02643985834370092
0.0016020253796934527
0.027883650320779652
0.0095112304173404
0.1640217107764261
0.012216629112343155
0.12910577905094817
0.08580139437731593
0.09182752642701357
-0.08147939593244254
0.04243739184025253
0.1873799050507147
0.001969688824014316
0.0496453505805583
0.00038806017075098157
0.009259372218282276
0.10909757370655712
0.1485997536909987
0.09573080533345313
0.06549424616239044
0.030074651359876345
0.0031999661042336927
0.0035308616661431547
0.00467627468285967
0.0731791035711581
0.05050440590376024
0.010735476283203756
0.03786887032383046
0.08968569192436042
0.20835302999911867
0.06362872725243825
0.07586961479825478
-0.10896110638679457
0.025079167557116228