-0.0005671460666025494
-0.003947856038014259
0.016054029604113135
0.00023584402359781126
0.0014342891571588806
0.0016171248217631737
0.001861656252550867
0.0029494817252189052
0.008543469328574988
-0.0007434970124550406
0.007391544730235593
-0.00044090520654981117
0.10296469255180138
0.08449765009158779
0.13073836050723744
0.10453418025353564
-0.06443997784338731
-0.0026567301737635963
0.007611437713443956
0.038903921789591
0.0679195982472735
0.07100478644950119
0.4509978263079608
-0.0032084846934816447
0.004620581297037521
0.05441248830317105
0.014888314082449033
0.26134920376081516
-0.007430282972898193
0.05199747652145658
0.007143288267943307
0.011539615841071136
0.06991566269718709
0.06614037379252427
0.263383340255698
-0.0024444367598141143
0.007857660866459594
0.016919183585874513
0.022020783423738092
0.18034935935623886
-0.0018681964058913938
0.059206068902904405
0.10906186029844216
0.041376262506499145
0.09433262470008756
-0.0025508064439743175
0.002200050957362641
6.440775622479307e-05
0.0025786982019730645
0.07087023029940412
0.1506560314998481
0.08573288883611102
0.0032858932330848763
0.006394012226043652
0.02526250646997547
0.006996188792006795
-0.03308907805684802
0.10537103093123351
0.07890487697563474
0.18329500681218983
0.24514758331763084
0.25298246138977093
0.056358116298407576
-0.05470479917399443
0.2181175509364274
0.11024258501403254
-0.0002536326140791355
0.12327149516746576
1.6654432032412698
0.35863086519741016
0.0464045249465071
0.15699724828125058
0.41315026778651864
0.14642231693437802
-0.13045759605044036
-0.027911459768203615
0.06981127265741548
0.020491553327526942
0.44979499173154364
0.01088469316763639
0.04839068169756712
0.06297528865362735
0.002018393433965045
0.03124711377526723
0.31791175272868577
0.4187817484052558
0.14491747318580145
0.29048471882995525
0.28348300980276664
0.1511826752528722
0.1027632199523833
0.9443562803643099
0.020717274016615987
0.10009381128571207
0.0017587739110934977
-0.0098438879259157
0.005302215613813528
0.10733057980965274
0.16720361772921313
0.05090516144607082
0.02711368257290718
-0.006718958999187698
0.016266167356785866
0.04068151032251889
0.08336075711103069
0.06848254879448379
-0.021566532533308327
0.001099568398313621
0.012780344783811735
-0.03179487535158178
0.048729958326856844
0.029613496506642925
0.008528671202528915
-0.0012255551862550653
0.00671161970359687
0.03132675325418205
-5.5765967355793056e-05
0.01080554221159204
-0.000430882319884063
0.016597001350460584
0.04097816296790442
0.18915885293927082
0.15492774609809234
0.17454963401271878
-0.15872032674062023
0.06501295312582722
0.07709025776524729
0.11812571031907403
0.0503314331636359
-0.011151169052960876
0.086643934787834
0.03958780733705968
0.05584977386798331
0.03212143419866845
0.1624774129605152
0.07606745938250521
0.0101708540610081
0.00019443315924353344
0.08054760533198098
0.009960476990403871
0.009554833361284003
-0.0060857350814379485
-0.0004902200760370103
0.0005177868483369915
0.0795016521023776
0.10078109129154897
0.29936868679445916
0.3074301459621472
0.10941495695534055
-0.31787805359809523
0.16468873355771996
0.12162245384779831
0.3491721599306177
0.07716126262561988
-0.02890416029427842
0.13339597370211004
0.04603670186615188
0.21272303252408953
0.2987525271628111
0.231781668409661
-0.20731077838621995
0.45773497689352927
0.5453640347572941
0.1512414891725197
0.21484088498877887
0.1386497796767761
0.0714809730939732
-0.019327827655270385
0.026364599821956616
0.00813307172451463
0.1273399292912561
0.11859547720504465
0.033147166810895225
-0.15168464817984098
0.5611891739079045
-0.021211053284004303
0.07508959761757249
0.005332234217338435
0.0337098470598267
0.001012346619252329
0.011016674039270062
0.12813086414261526
0.2952521448098229
0.24473397930451798
-0.20252529037632697
0.41868008512831834
0.09222814426966389
0.13084931625409316
0.18512211090271816
0.16385512699881966
0.10352191778863637
-0.0036081042977734157
0.06876116281829521
0.016604872664358176
0.1656674178387748
0.19626602339418192
0.10069048866694665
-0.1584719350066902
0.4461814112820592
0.07361504211693312
0.007215735464798125
-0.006831458391274643
-0.012023717793651936
0.04115537593045974
0.00033929408317321595
0.029682547308439673
0.22119749267241742
0.2281389238678516
0.025045050036926128
0.2620312212759303
0.5631994756623884
0.2031323849970265
0.09819740814709345
0.07258750002894927
0.03150671999425784
-0.013808494234017116
-0.015112125680169015
0.012354576562465629
0.00720675283347395
0.06732686736941365
-0.0503949636603178
0.1606328928024776
0.30174897811629736
0.44392721294648085
-0.00010946547351477483
-0.00019996944314704256
-0.002688530031202649
-0.010653738999506921
0.055997878045232666
0.019609025304955972
0.07134879215438372
0.1305086866982378
0.02728951737957731
-0.208376053860657
0.2420648429682035
0.5361557089934695
-0.0009152650690434092
0.10429940517594316
-0.006921428594722253
-0.08593588777701905
-0.023058419577978204
0.0063696089405491435
0.03859067181335957
0.07236612939150529
0.031042419581800235
-0.07949753883589847
0.3193198424294375
0.4510100667042127
0.10676959864235745
0.14025227231073306
0.17296122932832422
0.028744711132282375
-0.00036303553232570825
0.027264021447321693
0.008346934486981627
0.08156894587647044
-0.0019893041851285586
0.05765322700012216
-0.0037961274643427897
-0.004241606487582496
-0.00295411604961364
0.028067792512482592
-0.039357319909250656
0.0007351431391710889
0.001316951219901672
-0.008126981222451181
0.006454793084496717
0.008122912376957385
-0.0030538342680357816
0.0093647599067217
0.0015118158040108131
-0.0007430231874566835
-0.0021644091126541134
0.018302209132816702
-0.014054483259617136
-0.005653862131316095
0.0009597510518360601
0.013742221845925556
0.12952257120141972
0.07913925708471636
-0.25743095321453335
0.008932871967482884
0.016824114096988994
0.0010382123706823032
-0.003820344189984743
-3.986500106540121e-05
-0.002590572674085202
-0.001527939263246336
0.00017410953892620746
0.0034311865737015252
0.018039502015642833
0.028790781717825467
0.013223902873141133
2.082724711071991e-05
0.00012018459706854878
0.0007513479493703661
0.033316228484513294
0.09168946460927457
-0.0949195329127011
0.005599875637030136
0.00092933656297753
0.003334835028298316
0.010515830770244596
0.04662569116128398
0.0074713303194128755
0.21902581338850458
0.00031239231410167304
0.00013940873614273888
-0.012775691109940913
0.07179401083464518
0.009269794433341664
0.009517658209250926
0.00011161943915330173
-0.006332401226106365
0.05853063937279265
0.09962736012194502
0.0942566607914818
0.060869551552430165
0.028859462933935796
0.2980980116140192
-0.007025848958073791
0.01683523846785933
0.016872911372613143
0.06169669496661943
9.972674913968087e-05
0.000155200807527688
0.016280008410858048
0.007625905726429519
0.018924596787573057
0.006481791060438844
0.00811711554098664
0.029178945360406817
0.013143563515793091
-0.13741319431591167
-0.018386990407333912
0.0017414291225206044
0.001160026649599247
0.0004073029050910521
0.010563380822176813
0.005146838271493837
0.053046346530152735
0.003643308670211399
0.0014218755355882504
0.004097810331364934
9.478105161550197e-05
-0.08058979102332436
0.13767707366960724
-0.0749463198464631
-0.00023990109621411187
0.00011243288393712182
0.0016500192366644996
0.017803822982390274
0.08114391855640775
0.021089094153433616
0.0014956330591293647
1.2777113766597605e-05
-8.072092378919665e-05
0.015506099542741193
0.0010090114453254562
0.006964765598108986
-5.454220887488277e-06
0.00019727358437336676
0.0005683456969423319
0.01559159718133727
0.13420884908328046
0.12407602387114625
0.0175139924444421
-0.004549654355275152
0.0015960107997589933
0.006833719936129069
0.01757354206417519
0.005636338845229242
0.0020523323696974827
0.00029626278732059326
0.0025824688963303677
0.006659778031327325
0.040934917014047806
0.029977331729890908
0.0013038380511765594
0.005719856575375444
0.018349291459615707
0.046293362334504436
2.677488826456981e-05
0.0033140954221586184
0.0011939323160345826
-0.00037905074349485425
0.0008427302009881446
0.011309970246295634
0.12350632557532978
0.02049922352069573
0.02051258398987828
-0.0021582362645605918
0.003809356658700787
0.039714509920214414
0.09703891064270419
0.07019784238900435
0.0021080432187015725
0.02099008985848959
0.04754020938477067
0.09840585817624785
0.09421629801978165
0.1788512411488667
0.0662407171355566
-0.00010444518203054046
0.0011754335801758102
-0.008117918390721951
-0.014740631958432142
0.004924841050728777
0.0011813698575250085
0.00038264938832838517
0.0018948714588737773
0.025402039002921834
0.10173459982452926
0.02304428064304422
0.0004150626867173572
0.00456384234688595
0.0031992307766346923
0.009787440703844963
0.06528739947157729
0.010222700156928567
0.0015553096802801132
0.00045636853399773244
0.013791278393299269
0.0783622407688591
0.14831464765573818
0.024209161033184257
0.0033447896772576
-0.013414919221990604
0.008834748173970319
0.012131895265198724
0.07832319012845604
0.009438554746618848
0.0017633838144022126
0.0005436856540065566
0.004880355987061498
0.04845233761912118
0.09689094406928925
0.06186034058457404
0.015196001232684773
-0.0032521173258868194
0.0028734893831876486
0.011369072849664812
0.05037892199552331
0.003005744614080713
-5.689887434230186e-05
0.0005155701197256254
0.0033002637554951776
0.04021657712665416
0.09194577383657263
0.02394451404884672
0.003107744761732134
0.0003703469166259547
0.002928150351205887
0.006446810148155654
0.028734098666937317
-0.0006535380789015154
0.005480998630687003
0.00028648643427150875
0.004028055033032739
0.05150404707305419
0.11030839866899103
0.05671969894302815
0.006630663999262343
-0.0016250184961768028
0.00023350245386220215
0.007952904885008022
0.055486974347535474
0.02789976669423521
0.0009885966970782849
0.00020447089407582035
-0.003642851318205084
0.057050163636932785
0.12201960151462089
0.16123918663007608
0.026101504440837878
3.787546062928053e-05
8.20007864330408e-05
0.018144528130353027
0.031154793708848435
0.0029520837999797082
0.005120178219769891
0.00014277957767467795
0.0018987594560312701
0.084137258413256
0.19303802188206623
0.2830344600778058
0.020893296648614938
-0.00024629570030504296
0.009126577441686552
0.11627310609399505
0.0410428843717784
0.0289236746355904
0.0002145626268420976
0.0005320253801008352
0.002527458488150308
0.0445599443571673
0.10938558622516602
0.17613316022312114
0.003981947463440941
0.003915156403377991
-0.00045655957376181333
0.16560179298107472
0.04998220967904168
0.013274439665579583
-0.0003746089822774074
-0.008896737189209697
0.008689447114651605
0.05877537279152208
0.1405725805694354
0.2059865511001883
0.06473475301313286
-0.11042828535062352
-0.002913563058663668
0.16581066764564115
0.06117829414030294
0.08554118634338422
0.0012641004844656124
-0.013375012624653558
0.02038188005284862
0.029847217736646635
0.09281579252082699
0.0717558805792612
0.03281986993186387
0.0009833898719394684
0.013503689780479671
0.09625464405141552
0.06743816129649285
0.097621669928779
0.0006254092187895309
0.006965296962597893
0.05723528471009538
0.069838392305845
0.13122175332155267
0.11924100078426958
0.02557179024601259
0.004353574852732659
0.02909066581794384
0.032595957427649744
0.04478681117410546
0.22292412428317515
-0.0024129050380213733
0.002928137715992031
0.020373507356973596
0.0665519369604026
0.12501842921518994
0.22318502312940053
-0.010949981970258548
-0.08827045294457765
-0.0024174284052955316
0.03288286109533756
0.05314075508028365
0.21433779947338266
0.03331227747753687
0.002239597192443216
0.0131818511348305
0.02204800128460877
-0.11660087337119654
0.004656178248816415
0.030549673280396407
0.09998308289718907
0.02343521254834854
0.005618836789813418
0.15953101162251818
-0.03969706539657006
0.0025982206370976655
0.007963044102914521
0.009304226005397641
-0.004310319355452257
0.05525963932912756
0.0014766005939991485
-0.18566624738144677
-0.00016860141822929798
-0.0011273722836895744
0.03829422709919024
0.1043747548347817
0.310522927048934
-0.174968794591774
-0.006105301044376521
0.08357753767339472
-0.004167253852284943
0.07246193875239998
0.1401621018915163
-0.1483149813479748
0.027383737951112472
-0.0010696778117970356
0.04950198729441603
0.13856698007237556
0.250553319815068
0.11294475562689692
0.0007024910241711121
0.020894795009403968
0.017204166474297372
0.08013745565523467
0.10473660408176594
0.007734995407339403
-0.003972605370701315
0.014904940392436701
0.09920416009451756
0.2962414159794838