-0.03721994694383029
-0.06951402358483649
0.07934664265795202
0.15241072175618964
0.05449822409865406
-0.0036922170421532854
0.004400709668201439
0.013860161306891373
0.09275952692279993
0.2612388604195285
0.2717151964924519
0.2873954227946324
0.04680483334099783
0.2279853283243619
0.35363450272075325
0.5432694056953445
0.5911739281966744
0.2728171112557574
0.061750644680526365
0.07070475766144259
0.3474923811655286
0.49735983894173985
0.6784409218395457
0.2749324071507094
0.14555522520392572
0.0072601461805220325
0.3196887254772332
0.5886853568169979
0.18035413195792668
0.018837738073107714
0.5093676281779331
0.3616010194063131
0.5131296948225523
0.7911289021748242
0.5436899222681176
0.26733115574625277
0.19644920937124039
0.24091734250239316
0.38755142969585676
0.41691141782073715
0.27758085187716874
-0.03490501301178681
0.24269035470357686
0.5231004056977063
0.8452657563826821
0.9573916556641544
0.5374784145014696
0.09723957986074452
0.03432503151511141
0.4914689588287875
0.7878373714325044
0.5460187251994444
0.42511255157907407
0.17665566078613534
-0.007751434416417431
0.2968732936517525
0.8062904650176387
0.651887699244782
0.3074676134233099
-0.010829220702544265
0.138407527948657
0.5063356525435986
0.8764981137262683
0.5266747240336439
0.535454765804828
0.40291788065519
0.05806093978997964
0.223799556477367
0.40246440114031923
0.6050187001899401
0.5041623908303935
0.11129630656466269
0.22911641101718272
0.15693014824104454
0.11104724168291083
0.2103751407712571
0.3209461571779788
0.30230251321267093
0.4291463625883218
0.6173696333202432
0.6281573317281778
0.7242747073908743
0.6465985254090482
0.18799090103998822
-0.019289662288477845
0.1773786484180406
0.7438694279366228
0.5704736847579572
-0.01127763850054833
0.04160173362935836
0.1305496018093692
0.21752361399846795
0.27180955447717714
0.28094499358665154
0.1009585495965634
-0.00948278662657985
0.03591213493247965
0.22971586370050764
0.4898697527909807
0.7648833722937695
0.5364924292379047
0.2583471488388318
0.025386060249773485
0.058019247098301314
0.35981604556512886
0.4892260340970103
0.2448002389386324
0.13448484200385366
0.005709045645725204
0.09795027033091523
0.43840882733413156
0.647848064243617
0.9214920590123951
0.47179341128226904
-0.0004503628708483845
0.362057691095442
0.5325514209900499
0.6253160536506253
0.475172331950826
0.2514797872670054
0.09504252942585995
0.5719684841812318
0.8763672737158944
1.3308194329405045
0.6204030063345654
0.36025672664383923
0.09183063562486125
0.09446705196106722
0.5294643996375046
1.1012096023142681
0.5674583848336949
0.02437060759811492
0.09619748637484507
0.0731605066909419
0.16722035367456817
0.45125311750554215
0.5311039333479242
0.16472978998129528
0.06168006386757363
0.7121926268033412
0.6202945954442022
0.6991867550611177
1.1641608922759765
0.3807497024504995
0.3458886871882169
0.6457152610395369
1.5871724121926858
1.1994123517203488
0.18950804722653852
0.23335007232839058
0.28996134009732294
0.50202145859348
0.5479859569662769
0.46375740919351566
0.10809271171787505
0.20579917158795774
0.634218449784812
0.1890180193443907
0.7012409387541074
1.4493098887707592
0.6928302881682269
0.24371278952977102
0.42537659204573686
0.6872850106524535
0.18907319557072735
0.06677054346642694
0.07772684741945024
0.09586221378651105
0.2760284012243712
0.5034724317660199
0.8909493579791615
0.5285631968257627
0.017870294622089892
0.9090259334809956
0.5202126402026949
0.335516540800208
0.1826924061531703
0.16022816890432642
0.6691091260533758
0.2194166780545102
0.7483355114081878
0.6406045634990842
0.15236109329379477
0.07229588595188986
0.33755333548246474
0.25290438415983874
0.2944066161731719
0.10129034037812175
0.009001947378936087
0.10108592505923733
0.550563877186376
0.6435512257196988
0.1928412773585482
0.1554785095812161
0.5496746763044603
0.7298693304769639
0.4666445943247177
0.31155868188593744
-5.8257920909141155e-05
0.599796781618173
1.4292751434894413
1.0490973642640131
0.39724507787242047
0.043905108519642
0.028257214090142698
0.037752205260064176
0.0034835051908122206
-0.003295949657894183
0.37416193488156785
0.5365187086388086
0.24120894672892518
0.1033437972740035
0.0006712007144909873
-0.002382607912531031
0.0024585150450933875
0.03032581693902346
0.09852889460736858
0.0623210182360021
0.6573730859987795
1.149432834044052
1.4971877714831705
0.4268007759057343
0.17630801842039245
0.6539942972714313
0.407868094964433
0.6484674390803166
0.9160758451812925
0.5967965470367959
0.003724164527780837
0.586729550981722
1.0661455420729895
1.038110773370195
1.232045748089785
0.0894354421830284
-0.011241592903829329
0.42922386194952794
0.22785303911125523
0.41473801217148404
0.6955352439493755
0.2914389098505216
0.22764024630660723
0.17277468465413748
0.7893760625124662
1.383364834148412
1.2946945209801495
0.20595314596413197
0.09098828860887496
0.30874714202220943
0.46805366627821415
0.83499932533552
1.3136399167643387
0.42304569597952507
0.07512933856164848
0.07490779899357351
0.17535752005052224
0.14675750572649085
0.14302561060652924
0.17273355497135137
0.18548066320561155
0.46266004965969737
0.16144459312111878
0.2260552435928155
0.28716987836992675
0.3150420518407326
-0.005635933724358106
0.02913586760148936
0.4478386772937293
1.4377961739160265
0.5613033623464019
0.15777926402511347
0.08050748034203511
0.569273064243548
0.3436002825416502
1.0958749467384423
1.4171846788311442
0.19428133584745771
0.32171528267174254
0.47198403346289586
0.6060163700369878
1.2719352540911264
0.6329524333315967
0.3540832879790989
-0.014744597882998884
0.01858517468939376
0.43675609538517324
0.8891355342069649
1.1625451311041886
0.3161988098531544
0.5856087554981201
0.27185822035723967
0.3607210380521113
0.6888144367147941
1.3007219891179314
0.8380030090395173
0.04363483841767018
0.3209647687433986
0.5492480689888721
0.4860109655766826
0.7235439456174874
0.7112977499600945
-0.004360800945519513
0.22897565812543347
0.35947702343291493
0.9904285461904677
0.6329852234617162
0.3481447095914747
-0.009521302792748253
0.5949123570518585
0.3413824653582747
0.43543754886027214
0.7951879655602302
1.0133602986258394
-0.010840300948444367
0.2850084335055655
0.4465205614601206
0.9675520874801425
0.9973693238189376
0.6764255969773121
0.21988976793106108
0.41108705672077356
0.0025846785983155863
0.385400719482101
0.3378504424042102
0.25383413870033744
0.25480083811555465
0.343815182198413
0.45758028789235017
0.2580753943019944
0.2792819714563376
0.2105680317908067
0.1109340347690981
0.22722833050439734
0.26747888377835205
0.3345080427123761
0.16240867072319493
0.029247926470410232
0.03232944588927459
0.12356572236488686
0.0353551253708996
0.12287944871599803
0.06781750900000338
0.022157635761121598
-0.0028775437865347624
0.2065653685216044
0.16149894926073474
0.1794061745692003
0.17152738328151834
0.15349537738147662
0.02794115089604758
0.8460430943101708
0.6658482497395272
1.0781222327174491
0.9677739958453057
0.4282823829837071
0.05320060603042045
0.34697747088154157
0.20480291142273202
0.09398988110930209
0.2343418666634151
0.24062078296354084
0.26922467953335605
0.28044889415504215
0.07004513491593128
0.39632358505611
0.5669760224162116
0.3896302379583841
0.26724423688478827
0.04674159613640812
-0.011658772346837215
0.0002872114635690926
0.19824896396491726
0.3843734068703561
0.22762110110061354
0.27672860584480846
0.24679126015373617
0.12287015631542508
0.5513298915731548
0.2612563522215529
0.23287846107943616
-0.001335710718699017
-0.0033078701609892385
0.2535311351421754
0.16621780203754166
0.2307271942415639
0.3038019801708181
0.2934401434687897
-0.10152543155366998
0.30446555689359606
0.6984494127348826
0.3405318756330651
0.09426824922489337
-0.02770223782002011
-0.005609561304029024
0.1576620070066729
0.21525250056933667
0.32587982324845394
0.32196025015230145
0.2322359298390435
0.0901838481118723
0.36856834684468326
0.4739823848061038
0.32776282078916097
0.30423118606837424
0.07922903095132684
-0.02456828360705031
-0.005276917304182104
0.03104813397716309
0.1641189037200836
0.4710344134685135
0.4179571412809849
-0.3349244304550533
0.1534016609953245
0.06501878293395635
-0.019588548086249664
0.004089617867752368
0.001019158759600203
-0.023650214412836223
0.07685286615337743
0.41515108192252315
0.17082913502075878
0.3293424666707944
0.3447666416701645
0.3549493690393317
0.21714125387209468
0.4321071387701933
0.13186788811313163
0.09049371563872372
0.03140749443920831
0.13111562418234837
0.1655963173784596
0.19680489749240507
0.4758740856277048
0.2672882431870004
0.22016686573107927
0.18519213333943513
0.21042223682472955
0.2178736656209005
0.10678561489121963
-0.01589316214013923
-0.004287058224299349
0.24540890572448268
0.17573519362776346
0.19961937799716467
0.3415957720809056
0.2369399414805554
0.07641968304112241
0.17435818723837104
0.08922302600851846
0.08194189585443643
0.049008284329813565
0.010943945035496233
0.14354344063048738
0.23678412215102781
0.30802479458867904
0.3954439694040192
0.291772508510881
0.025083536251833093
0.1550348731011962
0.24057188523811684
0.24983735763627576
0.2335924146556196
0.017544216288370603
0.11735763733418819
0.24692514874522983
0.3409028838815953
0.20893911287295971
0.2199250860496291
0.09931608413692379
0.1337341170041881
0.42339509429911276
0.3947657027720912
0.26881864358650276
0.1612419568056667
0.027150106058981112
0.0871829615120702
0.19151801926150874
0.27596188176609304
0.1839637906910438
0.25859813142198196
0.1313101276632982
0.07638837530819342
0.25209225030197646
0.24147062171737305
0.2330943888793694
0.20430500827444545
0.01931489743951691
0.10496574083428509
0.23801069402078054
0.32005193097168166
0.24529653367389134
0.20095490450603626
0.04015440914877537
0.1587643269719615
0.36581813979050626
0.29347125398389245
0.20769243137821478
0.10884965453840495
1.3511575609253246e-05
0.12898670249661884
0.24542384464565825
0.32624919019439613
0.2153356272293276
0.18715689889427614
0.07069063510421593
0.19897255064482583
0.3726162410627611
0.3285371034202165
0.2426912137332997
0.10908754076625692
0.006849292828939738
0.11477421187556791
0.21927500860292154
0.28486809705341604
0.2192099901775461
0.3505553066260337
0.06997144273314312
0.17014599795156385
0.32457406865778365
0.273976201792105
0.24941389729980148
0.10144954074097845
0.017123384006882986
0.1795743958818648
0.2836245760586941
0.33501899691859827
0.2799035874234774
0.19311595705781526
0.07223863532374832
0.29190880076732995
0.35405361558340664
0.37729932370689256
0.16153995825345593
0.04586130321194549
0.048290434700000114
0.17007229957617406
0.2549923518145513
0.2859699528560861
0.20790013254684592
0.16637154079795455
0.035670202586734534
0.2743883602967616
0.4246478745734022
0.2727677734977522
0.16452133810375572
0.027023988263300644
0.07315777004980224
0.201294721556718
0.2906378808726236
0.3285623628006636
0.31430001827627907
0.11747427692200779
0.08766865168197759
0.3461708684494481
0.4907792758771466
0.3439725799746536
0.2208037317704288
0.04405335359871181
0.06282401570868527
0.16141518846231154
0.2341021305630421
0.2463591126755822
0.4347620420752479
0.1566634253306056
0.15200717265183578
0.24763304054919472
0.24795193616173009
0.21924458590140367
0.10322890572228523
0.010882718446180177
0.1856016219867846
0.3083825837795412
0.3723780465288051
0.36271105513118695
0.18828959861885755
0.03556728697534636
0.40634728599339526
0.5317475874015297
0.47307405223768384
0.2411446169225384
0.0600348300659632
0.03855559090543153
0.15105584636666347
0.23878937981735554
0.28996440430328563
0.17516720233659772
0.19989835213497242
-0.03596653581393677
0.2928453974651808
0.442280835930709
0.46608941385698155
0.21946843625094617
0.0953032053721602
0.017199745018060944
0.13919589042277633
0.2401977492775493
0.28724291349975445
0.29285748221938546
0.2018888777382517
0.04509663228795438