-0.03721994694383029
-0.06945267578302125
0.07965146391074912
0.14812940653982082
0.058945103191778786
-0.005831902606909468
0.004992397091439808
0.014026101077247626
0.10733878486579183
0.2772736904802805
0.27599611886264097
0.29568268793476254
0.03748525616500431
0.19777289909831253
0.3708823026783667
0.5291245268927908
0.6636927318847273
0.2784238079683542
0.03591230414686439
0.052594147383786656
0.353847486849832
0.49534245805448346
0.6460053356161714
0.26516505663518714
0.217290148484776
0.035488165641776065
0.24891727121663546
0.44572457456063397
0.1386221316356855
0.06497161794253424
0.2426755815556241
0.4521399057077535
0.578377788967373
0.7628558111849498
0.3652821162738288
0.006160225719005977
0.20233067591126375
0.3240127016652002
0.48251004430776456
0.45234619647046537
0.29160023667836343
0.20451310876275877
0.2681271755083624
0.5008278801696726
0.8729263524206019
0.9859830066211227
0.5965411194774483
0.19518136353429225
0.007796544562618341
0.3941908811008081
0.7838127788267882
0.6354785278852569
0.4094093581657037
0.32277526272729967
0.09752580955279332
0.17432307925308577
0.38747430053949156
0.19938637484630067
0.19831327564161616
0.06156104629141389
0.02610496277266958
0.029339066329230855
0.24361193696757028
0.2550294606559315
0.2127377435612991
0.21652551466068953
0.092719367859163
0.2278192173463138
0.542983361642036
0.4781007119808419
0.1584091453257025
-0.02070434697842951
0.049847348445951255
0.21938433416638714
0.3343139510312469
0.5779147417834688
0.39011280972893386
0.28520873384133555
0.06627646405990634
0.03847616302409072
0.08575356107309665
0.2103598647130496
0.29144017938216915
0.06444466577516747
0.13247407102495085
0.27626950819110235
0.21313990320122408
0.17175930525591215
0.3540242101780957
0.21718783433412991
0.011562256821242319
0.23496807759164426
0.06256252592358556
0.5657498093699238
0.38110258906645633
-0.004874377299485661
0.2585621095257152
0.30615116608583554
0.2510827972714172
0.4152316445278277
0.38531552959813276
0.19299809561670397
0.04237279735792714
0.2949261625170894
0.152098040689813
0.34321798901871264
0.5164129256723035
0.0008233678483570567
0.004096672498952687
0.03961681677568921
0.12113982285097448
0.21648133764459504
0.30813791493707055
0.1388103368074742
0.05148941685469245
0.2127400200931012
0.545660919478878
0.6008355285629067
0.3830855285076091
0.20594863055719503
-0.001605199352454051
0.09742764219359565
0.3717650731529385
0.44109722513495364
0.5075636981746662
0.31209408225036583
0.21535821755603032
0.013498329734877582
0.3968735399294886
0.5420830093511907
0.5501200048152152
0.3374652561906244
-0.009962931408844442
0.052956531424212486
0.25869030005932664
0.7994113399295131
0.6287773110333138
0.4310986652258244
0.2525740428456058
0.03286365382852732
0.1675068013275518
0.727154268326626
0.4038614715476471
0.21438711042890896
-0.003319814778290757
0.092024001586065
0.3376728881584986
0.4184729181796871
0.545216346432085
0.5577751785152992
-0.04312336092980233
0.6189874853383434
0.20849126901671963
0.6597679416256683
0.4847799250125335
0.2531790174133392
0.03409929656462435
0.005012853839887314
0.047577195108445665
0.3299765006432434
0.19428705240992922
0.22057501969776272
0.08101998384957423
0.17666413275932977
0.4631240703308521
0.4160879097828055
0.42029729966233265
0.29605345383453807
-0.025559912162404497
0.00468189132293352
0.2719527465063483
0.4173324906150805
0.5822987015614802
0.6735958793845837
0.3032908698768582
0.26513940518072937
0.7314100401453214
0.7741107915812647
0.5245118942204007
0.30387109501713255
0.015166691513745485
0.02736111980077309
0.20904090922240232
0.30812965376706974
0.46973975615870295
0.5447851797225111
0.4692560178416812
0.6466466870367058
0.5547770033540467
0.9705440687625893
0.5881188429296466
0.2817106695861473
0.07712909124086914
0.01441553974547735
0.07527768652258325
0.23351522650389986
0.38888614266894095
0.427762329183029
0.2218028532636858
0.2578486003012031
0.4807775753248225
0.47255336988767555
0.46910100067691035
0.17136298742484846
0.06078345656970085
0.16029006340055837
-0.024589500973227277
0.42513340483698786
0.6390770101486987
0.5113053195816615
0.35018121184700407
0.08650540079952508
0.15383219293756265
0.5108531261127618
0.5949137259226601
0.5201581342867723
0.14174618261298325
-0.028439407144737434
0.07332280511873945
0.5389959439004514
0.9384572431991949
0.5325709337756322
0.45567235933077405
0.24605169498318188
0.03767898655860569
0.3802263058727946
0.5526211560404102
0.4071870868855057
0.2052864595754808
0.13169279085583618
0.31585322394931514
0.29823032636623553
0.3890673221660021
0.5037480856908537
0.612378480519922
0.3607157237687513
0.05849387245019333
0.2542635700815659
0.46037972431651136
0.37972403520006004
0.23413222735747363
0.02166359277503434
0.35360865120278334
0.4484608510276497
0.6085087417070345
0.3178118952601047
0.147592649407811
0.0033288337988888667
0.23214894613360706
0.10828565547783957
-0.003527570639062676
-0.005615000259765899
0.004293436306861803
0.0972303123975368
0.29652201535169287
0.37597621179261964
0.44101600715676165
0.37208048378608105
0.17876871272841272
-0.0440423245103453
0.316710715483271
0.4026048934973879
0.0016390613076165302
0.1065007719795602
-0.0037906390571287134
-0.027579054955192292
0.11487098574166645
0.38587450490254893
0.241976653281748
0.18611905591140468
0.1113358278737287
0.04378125305192165
0.1615191329281688
0.13409573653364784
0.04841073449544432
0.0009261647428335769
0.003509385678493596
0.006126542535356411
0.013245314984827283
0.12110823877683284
0.17667111441829508
0.15674062133435135
0.06042965661229433
0.0037734342457468395
0.055159376674543965
0.12837798699250377
0.14832464769465423
0.05526256254407306
0.0030458191070614504
0.0022432344054323576
0.012432563758900332
0.09386366651178388
0.19591340469912696
0.1599038784398933
0.049772366076427814
0.008969441039879861
0.012552845959108987
0.09249421106615456
0.12384530636876759
0.05880810590894
0.003619447844742859
0.0008777935764975171
0.008153026554136187
0.08086328017061566
0.13151050208870096
0.11966666732494421
0.047072837606933704
0.001843080243611466
0.0024630544271708674
0.035088862012925014
0.05855451833887068
0.014332667807506475
0.0018643374148073117
0.0016898578828314268
0.009427951749055374
0.10942733879578158
0.15820876993613434
0.09626886196534694
0.02261849289890606
0.0017938908794637534
0.0035225957752439943
0.0455483160145065
0.07968129347989368
0.026586368222581844
0.0016988084879443264
0.004870551849536012
0.00687795746044488
0.08902584289588887
0.1195824641311124
0.05047558877844438
0.004286604745373221
0.004351406406493701
0.05660788373840837
0.09868812678852441
0.0346436814100507
0.0037256664779202896
0.0002088954008604118
0.004601436748587398
0.03994080794227788
0.11886478334000711
0.12319722479477063
0.04147925566918553
0.0020332756528486824
0.01779334075165376
0.08768615247923173
0.11056189175072426
0.038047188568307286
0.0032434569921163587
0.0009248408033832363
0.011985750760242131
0.06459940947049803
0.14028400029654634
0.11612053896832598
0.032199204927933094
0.000800966520913792
0.040415591710480266
0.114028727457464
0.1268632867079872
0.02948224242844656
0.0029004538680766573
0.0013588475807687322
0.00545241782275238
0.07347486536118679
0.1265866829389561
0.11129515940372138
0.018733662002458094
-0.0003939905884251973
0.07105067270642658
0.16165540316991053
0.1747673555061347
0.06668641734808622
0.003999061692117419
0.0002693293947896929
0.005078090526519178
0.09377057529890233
0.18707681211441826
0.19314744714192272
0.11627508986166954
0.037538584848802584
0.10074701334246111
0.3586291065782428
0.20406625808307902
0.05279856001102378
0.3071579224748781
-0.0005101431597110334
0.060752607047534275
0.19416130741510537
0.24149739824153063
0.21482119778787942
0.12972534613379394
0.05344546354844518
0.198225540993302
0.1839205110670076
0.34093669399055987
0.08947289278912905
0.030721419993747365
-0.001981937387732907
0.09618823129705886
0.2344891702816292
0.2645094208110266
0.21910110431281193
0.14568546637392402
0.06712380107770728
0.20790535688239842
0.16948750671457488
0.2667560428924772
0.3010587734909885
-0.0015889395078080922
0.04745251439385459
0.09166542480036029
0.12799157495889468
0.2046594921050004
0.21244136330175797
0.12644679095916858
0.056283150469243155
0.1929612741157771
0.12805417753669177
0.40598617295427264
0.13531324462758976
0.0006768910961879441
0.0035062167728708597
0.12335071343934563
0.201816912777528
0.2785748921130663
0.24646426425322912
0.13782645697555046
0.04081939907974094
0.21073921016129746
0.3275672369934974
0.3180307451767152
0.1346518328473066
0.0013818700530545624
0.008070555669099993
0.07849767022507656
0.24326218524264012
0.37604355013927315
0.3657774624152788
0.22871329685344824
0.1095308370661966
0.08964006213507432
0.3534875152142943
0.25789119425624685
0.23682092907560126
0.04198198032352895
0.044111423156430046
0.039755701814799226
0.10252455143962763
0.20218699626311434
0.24762253706662476
0.13228104816661293
0.042420498117007974
0.18339021695001959
0.24700441276126717
0.40033144557995964
0.2094233231719997
-0.0014390317923700343
0.011479740877009955
0.08698860054482667
0.22212121469423987
0.4258482184193747
0.4008243424161026
0.26874195274353246
0.08019212920434488
0.12089517288439026
0.13482271584496563
0.40811642940558945
0.00931476237724774
0.002673117683530637
0.05248787313380428
0.08714412128659045
0.20040910595808312
0.3787970001718948
0.4357650730754072
0.3124605108289953
0.15783814168627558
0.013963199313758484
0.48806380699546714
0.7142907732414718
0.13737053039470928
-0.011540853892439716
0.08612482512872788
0.1537855843108616
0.20095500501512464
0.29779363167666745
0.25924147643704887
0.1453330613875854
0.04233337024873901
0.1733484547806449
0.19286459132791187
0.29158919962657726
0.05870676629047556
0.010753522835455196
0.005843095071301936
0.06406785353775826
0.11949610933303403
0.2525934445308793
0.2561785602541474
0.1349507930569408
0.04390150428200574
0.13462001175491423
0.09975138143146274
0.5188270006047663
0.25193754648067634
0.036111632958666685
-0.0009918341080831616
0.00968480343992461
0.042913590214638954
0.22657521723645282
0.4675339239527009
0.24587829708778264
0.08272707794611982
0.0653024810387418
0.05066736525113192
0.411583584989143
0.28099562664682914
0.11414397855285606
-0.017050212620045226
0.024078530880096823
0.12207721821377608
0.35943343736592587
0.4824258234064209
0.165996969943876
0.0493954766554511
0.09621356957842053
0.05193332588525716
0.19282791567941085
0.14477140968888008
0.10464066326042835
0.017436414590445027
0.022113616646453647
0.14586174293552398
0.3587106666510115
0.45066735959311477
0.24448767403554095
0.01768095784758316
0.06691568405669902
0.22150561768424315
0.25794354923080903
0.15846976216326025
0.011380947005351555
0.040407745916958004
0.015170493212137667
0.14269069896367506
0.37117621179808646
0.37989935592585483
0.2111012081294418
0.06227317445226327
0.10096733071947006
0.06419695472044719
0.24193247475525412
0.11793816478875414
0.04218942818316193
-0.005494700336693343
0.018094546712385064
0.1345193562769852
0.3095813974971247
0.31985168795696284
0.2151555766521826
0.11443195640104105
0.05455095013528585
0.07967298050425528
0.3462989490812696
0.152207400819099
0.08602578222151767
0.02427754862101614
0.018012965411103775
0.09254476918468187
0.2412358462574964
0.250239612050757
0.21126240076257968
0.14627210588804634
0.046644158893205286
0.07299451012784168
0.4987299044653514
0.23285218979430067
0.04093928414017278
0.00039879224528398266
0.00864041157013417
0.11341150249573896
0.20160696868101297
0.2076929050728397
0.11879316936404644
0.015887214730553864
0.10015259539419667
0.05744884542331964
0.23681971627503456
0.19821781433640656
0.09298033765072632
0.06081951977443171
0.004393558432018816
0.034336371631065385
0.16831130985622453
0.28441243293963114
0.14463405392742085
0.0741807287413811
0.024349804418977265
0.19089049204109756
0.12726962880475468
0.1608994150310897