-3.2535822993211896e-05
0.000795116858745625
0.0017659023163107727
0.005838639781513822
0.007564879915936947
0.007898050940517895
-0.01808597925160045
0.06514825239409437
0.00010992991344202721
-0.0001348346115735967
0.09596801037194086
0.3534667318279833
0.05013174637960388
0.0003273917572520432
0.0014373892542383334
0.003702627941075483
0.005179822039293846
0.005307445382034488
0.1700614376138071
-0.000675495497524134
-0.00030756567413578294
0.000626582003709614
0.0006719789270555203
4.330212054235253e-05
0.0008037290955200359
0.0010644557346921018
0.0021382256469067774
0.0026800674901127494
0.002244938341909133
0.001028336151105958
0.0017167487890133806
0.2720964804978225
0.15919459829198335
0.010798623507714282
0.0022270176488855317
0.016956536132734054
0.003558294000477099
0.14598097289195552
0.8068359099338008
0.6284738106145061
0.5823535060095902
0.5321950076733087
0.39366755565385775
0.13232152525763813
-0.08308573657745982
0.28600866225947413
0.38317567918576023
0.5105145287252593
0.5240947384783194
0.1139258663430112
0.1292683223653165
0.1307826574827106
0.21167300867825176
0.24842920066110769
0.10301780443280063
0.12333308381390716
0.7457576691534927
0.4399403948055561
0.37008567232166184
0.277438088294914
-0.007825592966968666
0.07963801897167423
0.09154791895424932
0.46904349388509603
0.4947493708686238
0.4511755195053232
0.4640010080005734
0.05199334873788268
0.6008589297943445
0.17670310202922992
-0.012739084037647954
0.001728641461941625
-0.22293917634505317
0.012078780951816945
0.025468292643557953
0.0804565001351794
0.0015573340229656696
0.0022986861299829084
0.0003799194521180875
0.0014101720817596554
0.20734249909390098
0.023995036645771104
0.0065364753441914236
0.0013746064062762507
0.004873627026460045
0.008773733485597613
0.05220780513237452
0.3896618055545444
0.017391574722091907
0.00048008681758827736
0.007592324675566408
0.0012708500731721409
0.0002503536473897051
0.002026087268050918
0.2025116118710249
0.5628197379597506
0.19417850245545487
0.01990676812890572
0.1623382341841446
0.37675067938677925
0.2836123857590259
0.263615161345963
0.35619702119907054
0.3691512390425179
0.46079399517855096
0.04358901507568392
0.11828948748283569
0.1306760712170611
0.08338115734109977
0.04383408443956192
-0.03928492740200526
-0.1416751934420165
0.003406223928396059
0.0032285217241541406
0.06303791345633629
0.14804225468492527
0.024896811107997425
-0.00391160916551416
0.3192165005012736
0.47128227483444646
0.04774072047060145
-0.0059422085149252344
0.007547435321473352
0.03195514683897362
-0.008862114074266311
-0.0836190794789877
-0.14281727023912458
0.006136279058035182
0.004511514167402783
0.15298527551134253
0.2846481515367442
0.009566314608210691
0.0004289355504389493
0.11159973345547036
0.0006380156366357267
0.018082631181693825
0.014468906780720516
-0.05991951623523681
-0.14509544324501406
-0.1928017789365624
0.24321575017454056
0.04912794092190348
0.13063434355088102
0.23446888870653787
0.09911447391590739
0.4187386605080935
0.7944237595844965
0.4917903701501076
0.2408199861828119
0.11790184820980834
-0.16934972994894687
0.36007402649565173
0.19297480963588326
0.6384561145625682
0.5617207367114144
0.2642997938387749
0.10845650495164467
0.15392130585360628
0.16637203840714637
0.3243884749746562
0.32954816007955956
0.20183816396615997
0.1042810755354996
-0.13900565211761967
0.2630476559669961
0.12263132018134486
0.3586201176056618
0.13266744716719617
0.09399180105332615
0.19578595533530138
0.3957319608316689
0.4043779102167195
0.43718662239127987
0.29604358029476047
0.12129254653155953
0.047934402429532244
0.013847180753993814
0.6693998136499839
0.8538344082383199
0.6087074206092343
0.06989788016189234
0.0007481498470924198
0.2857450752535439
0.37172966310826017
0.3627618832793909
0.3215501571501728
0.3878621051666745
0.25445995879889866
-0.020680056066445344
0.6693957321145151
0.5650427963418111
0.3490325228577919
0.39930273331721305
0.312353695419472
0.2687721195893267
0.001159149190673928
0.11950648171744338
0.1930537316483389
0.37928155562559734
0.08591366391988067
0.021600362466356684
0.3177892368223499
0.21750144222280288
0.30686100105993364
0.11640226063232076
0.19028996144919488
0.19393963502476635
0.12469202709267804
0.18391596248970105
0.43540424296533387
0.5968685494914394
0.5359085130340363
0.07850650463254888
0.4136438352247224
0.8316377618973219
0.04892430274552055
0.1782517088616858
0.5101907296839969
0.5166171985335662
-0.0225258883589987
0.026571547927631535
0.07110440913034713
0.16799374128270783
0.3478838946125748
0.28066708777479943
0.2468023041684369
0.10514796086444779
0.03629996365276501
0.218617774429474
0.18407867482647286
0.06958625172431976
0.01832743084548241
-0.005932367273617465
-0.052668715832288514
0.08778725902569658
0.21867892819756668
0.03498214132042969
0.23555380958779992
0.10074002814967402
0.011244823505041695
0.13260854024707677
0.07442786396651581
0.16205093140475055
-0.015411573827136654
0.008345347602638952
0.13984069262058568
0.0028739248947356978
0.03361000030624952
0.1454841955618709
-0.011409053507900379
0.05524150734841209
0.42636071597041564
0.1935622077758418
0.19211184229088318
0.2951572280960615
0.062067913258635254
0.001572366165718998
0.1291502371785515
0.07288191210890681
0.021672190056808132
0.05989624931909586
0.07909784787476892
0.039619149476273485
0.1512341095299353
0.3946941266457164
0.5927306380473374
0.5066869436380661
0.2335692021003641
0.5716063439907636
0.12683790510812856
0.19667453921290323
0.01328719627996923
0.004507866389472912
0.001613025582733936
0.010831514109629481
0.7231020157004738
0.4632510314839874
0.24039308120491024
0.08769415715765633
0.04150958970686274
0.48755177176984066
0.6213630005916859
0.37722186362030113
0.3468757603742846
0.22735863792356387
0.10202510209837555
-0.09345507570524414
0.14988050088363142
0.7209007967709944
0.47709619288544897
0.07601018610131272
0.004779464034021471
0.14065048094414012
0.19764721845818858
0.3265930758764416
0.5924165821628451
0.24980528695272042
0.12393875773490919
-0.12527368978570402
0.17083441404741243
0.09551280707649464
0.16693281543331961
0.11664834043815712
0.03207186803836657
0.006532968106638019
0.022244733928631858
0.10666707685465686
0.3794190752438802
0.43624670550168915
0.20289683254882418
0.3128078153756347
0.07483588333715444
0.3227130856604534
0.29757702814334186
0.2249817261696205
0.1857030332570606
0.24843604741187678
0.2929132240034018
0.25384900597978804
0.3097899123756282
0.7036514377188293
0.2505038073135062
0.03047737886054463
0.5173723912571244
0.5744011728150445
0.5771757979467319
0.6069769791747934
0.4335250545594704
0.43213253481932834
0.18299933573928834
0.4327310402947692
0.4706023098473587
0.22686810309008437
0.34341546161049963
0.20560576949958617
0.006963670144510583
0.6713356364845147
0.5973044225988213
0.06341064298917727
0.08351174096955798
0.22664252612440522
0.014834779409235383
-0.0036442391885500407
0.05331764734382664
0.15452738989468254
0.210698198041
0.20740119665370998
0.08425315495016443
0.01548904821604385
-0.002688605383043307
0.20863009666232646
0.4404993090229124
0.511751699631139
0.3670171974332157
0.4206952001878589
0.3595235237804776
0.42289244321756486
0.4427651508160454
0.11475228600350171
0.02913280389037341
0.029288353464325984
0.0369062561256088
0.22126053462039816
0.6125418158287135
0.20959717224438176
-0.010523283313757592
-0.0007394676063786151
0.028702297608786124
0.11143318306759568
0.14726454724936008
0.21211004312987713
0.07431680928154714
-0.0012322086756362599
0.002650255465394809
0.3949471134682985
0.008025497954266776
0.12199556543938571
-0.0009616245114275975
-9.347094815783375e-05
-8.709374378538872e-06
-0.00012079203080686654
-0.00036694254497140506
0.0015958750133305984
0.0031727642671724203
0.0024508408299555294
0.0022474131649296036
-0.025370105606372123
0.0003916208816005425
-0.0002942355818249598
0.0008927964674737939
0.02839466363548455
0.12430066731836527
0.05454381753406138
0.018329080893761264
0.0014346498324983674
0.0026277521080389993
0.051197935063492246
0.3280813891475457
0.031075700800944593
0.13966295084795352
0.2805195316925494
0.22369089262607592
0.15047029316929328
0.03577273216405343
-0.029804054790260607
0.0457817987249256
0.0007909247779514831
0.0046312819636480235
0.006692351078594614
0.0019680807137912285
0.029703013708887876
0.4876549451198728
0.1082088513268926
0.004877598480022949
0.17744874932541463
0.021395023274504096
-0.03940916710571138
0.06205131466775994
0.04637836253902506
0.041022464731950245
0.001303213259845101
0.23312890672201858
0.095866172789554
0.16734182254837818
0.48730016382171887
0.253594854726854
-0.000974048101832386
0.04937417484233203
0.6371470508906556
0.3950949349225264
0.25824641571146617
0.24674497919311345
0.22854435309196475
0.132880058856794
0.13727666965862195
0.39765914689960824
0.41599646373936744
0.10431594331452056
0.044335380580787835
0.03602634030623814
0.004370315306843508
-0.02507076565148019
0.10679617269048201
0.05588897611840767
0.11132517681596499
0.029750331206014082
0.16906268233099894
0.00046320514178862376
0.026555777977806186
0.28958889850921177
0.3794133696587291
0.3001869645109581
0.4865452456221204
0.3104612750088191
0.20839207591764095
0.13610078456510452
0.09268504613978078
0.19698427419281164
0.2385354389470413
0.095210051778483
0.43190178449398897
0.60209367680215
0.07768884345837206
0.23296370169386235
0.24819657475989162
0.0070070786987169635
0.035474649720862526
0.169136907553004
0.301142441855572
0.1591012041135353
0.11083624358536863
0.3918807259565566
0.5000710233408431
0.3021907634080951
0.1703975103090795
0.025590094343752486
0.009575191878186218
0.6410857551740462
0.2863910437727475
0.17501546054600794
0.08413408341820275
0.008879381815197315
0.0036982530172192793
0.0014240826087346776
0.4166801132774404
0.2593945921352664
0.2294285151860215
0.3086235506391968
0.30659242078317
0.04346304930055921
0.06082739658017512
0.03940979887199931
0.2825403896341194
0.40517711368519205
-0.04401261142007099
0.08649784541676514
0.23128556124512636
0.12083006028045022
0.19923583516696994
0.18674548493080692
0.24939636570044782
0.4081683149032219
0.2693150058219241
0.04162151259922139
0.0591560978761152
0.16762886303554533
0.45984467403640145
0.3869066846871372
-0.00657804803101075
0.07003318305288214
0.01379273458954565
0.2063534535435973
0.11567864417311433
0.046577273580169304
0.031747445670767434
0.1108187464445923
0.18063241777907915
0.0874709851179984
0.1795326031489571
0.4259123190367118
0.007751672141693703
-0.019406619764409442
0.10646019306250865
0.2012215169785878
0.39113842045116265
0.5731375754730387
-0.023610684389846506
0.08463799743298916
0.04113275772844251
0.0026679374995683736
0.018817489772316023
0.3096890417418539
0.2553656265648903
0.12383047209637839
0.06526929635814663
0.19285448152539456
0.08325437436555296
0.22898044834817857
0.06806514887646044
-0.017971757820705498
0.029254663417609295
-0.03460775154520388
0.17656416036232828
-0.1914166692268042
0.04661935599876887
0.12277032873491572
0.007803877564755068
0.10983723549347855
0.037707957425055956
0.04842041534544824
0.17472518851307067
0.17969393004729323
0.172781168901442
0.03223420850662164
0.018225305615295184
0.032521107912960125
-0.009520868518468057
-0.19085081828736855
-0.1259493770606168
0.2120105153465886
0.039140804994010805
0.0827502772648821
0.1184682650258021
0.01348054394970926
0.5565536085077282
0.4080585774573781
0.31309842058491266
0.19806701528959686
-0.00727777214171908
0.06239803609453746
0.2651506691433203
-0.0015097702146636524
-0.004452164242796893
-0.00021459234260868274
0.0005707508666982706
0.009664267710532266
0.00010834398356717695
-0.019568629525170734
0.06577455346651231
0.031940904160481176
0.0015600248903186878
0.0013349646728620628
0.002529390079589059
0.003868146285220267
0.0026508294595852405
0.048593638123916566
0.005946718668797288
0.00019605031414814952
0.00036991683820897583
0.00013061272385119993
-0.001899608118094266
0.000808606575700605
0.00034931601369386225
0.10906423591480102
0.005670292862484185
-0.0015810225702517489
0.1561274855721955
0.3148944755135515
-0.01018103617761341