-3.2535822993211896e-05
0.0007951163598581075
0.001765834677289429
0.005838691669705619
0.007565068958687757
0.007898356491141708
-0.018094348712270492
0.06512874635179705
0.00010996255898734095
-0.00013452900814566786
0.09598740291217754
0.32579010512475215
0.05773513576116007
0.00013928470939242077
0.0017916160748319022
0.0036972322342649477
0.005035897261316525
0.005328747944066134
0.1673411595688852
0.0022354827767490384
-0.0003454921205688495
0.00012191682149250356
0.0006942308352114519
6.992796425603894e-05
0.0008111669094374005
0.0012533404162048023
0.002185568378375294
0.0016613220452773763
0.0018527428808620126
0.0009941531604370718
0.0016017365181549372
0.3410108840598782
0.14024609797968088
0.006156076243212213
0.002728136166994154
0.016501798895174107
0.0004519347662232385
0.16870488038071416
0.9078311955465184
0.6388292732329217
0.5975934244736657
0.5338199162841316
0.20790635881951525
0.015587452781810516
0.09366896619335599
0.46992031639432075
0.21815192705791725
0.43338944863222933
0.429254998438375
0.1366943632670166
0.18590986464980072
0.0619996927859174
0.15104847064398857
0.24264884618835436
0.009792915465295735
0.06632705407456976
0.5464736347900059
0.4503132954200541
0.3574325717356021
0.3620004685934936
0.030356790378105982
0.03544283459522846
0.06417829139278837
0.15183894978688017
0.2837426892534415
0.35430010420232805
0.45628356950084664
-0.06299608003457335
0.3834858753635299
0.3153443370450256
0.39403687207114646
0.4727327796587293
0.2902876547046834
0.3332666425614854
0.02896677972982824
0.07489182504564809
0.4361715335707885
0.4601209747058794
0.49233605110019235
0.14028504435582842
0.5209219121136085
0.06402150267246048
0.0607901491090772
0.4480041257123038
0.19506113485726007
0.23556957751241211
0.1935389415811314
0.1864424939819913
0.21897258195986774
0.15603705998665474
0.34177555793853925
0.07048600602820629
0.16640610784780532
0.06246866585459299
0.03866473535348338
0.11905108044267296
-0.007855334407190332
-0.00017264814801829127
0.050319004681594316
0.048438342385281816
0.0759459689241073
0.10508114097375709
0.25259203428683447
0.15333845268212495
-0.01137328175671567
-0.0012127146539266146
0.17212815286293037
0.39047523527904704
0.20575427283970413
0.073565374651592
0.0013037388762256923
0.001330804643818284
0.0015885752163512683
0.09294725045003531
0.1314144063408713
0.08225091110431257
0.046405536449895604
-0.018173787938436218
0.21097806975296565
0.07852439244339678
0.22022487729476728
0.017930103953171562
0.6277299671205556
0.3110951626827564
0.058277692951714345
0.04983826462658001
0.00095119219996416
0.1529311446841716
0.13965696629648236
-0.00223060461922669
-0.00026447059306154876
0.007465654616392077
0.03021125189626982
0.02559875282168474
0.509772877472314
0.2856934758898306
0.02248942463758886
0.023356777851581537
-0.25656218181796914
-0.046875471722960665
-0.011951757600044279
0.2396367640592098
0.31492112417112655
0.22426174866376422
0.2453140202621981
0.04058260144879422
-0.006659020387164652
0.07032240624408224
0.18270678801246037
0.24821599071471245
0.08817495940987012
-0.013785222627712463
0.005576504632111244
0.21109349321369802
0.42226537784294793
0.2918277286550576
0.09077389737098161
0.03167224346915861
0.29660032708702017
0.36422391023298134
0.34541607920483774
0.17666448510665686
0.05291324362449689
0.20813185378054458
0.12879713194640288
0.047631037909241
0.01641809876092311
0.07384974124873402
0.10580119205833653
-0.001037405315322705
0.42129630953592456
0.41406392328809566
0.32161141410248506
0.18083454957277204
0.039757361632213446
0.00840433708653923
0.421588153268934
0.4236386238447053
0.36400322289042547
0.020751474622203572
-0.007855966792317325
0.09733476611070652
0.16319729123811233
0.19551753413055847
0.11893478743094442
0.1798336599415149
0.14967688376026722
0.012745698702869636
0.6353205486145321
0.4553997391842643
0.3870878752442009
0.45648682478342506
0.6372440527929025
0.01452323137647543
0.1465568071493547
0.22479241106116274
0.31733761460088394
0.46537941902914765
0.32402425069997864
0.2634616748720159
0.43591054384693917
0.2731654517601608
0.018786091759876056
0.16317384602930912
0.2918848808011767
0.3651643096693618
0.07119377756250879
0.08526788263693819
0.16862147439712022
0.28917033944283466
0.3756538167615103
0.6068104831127517
0.4397804059507414
0.30100180555879263
0.06658426574257302
0.0017064131922909927
0.10610980440707105
0.30106757013186486
0.09561404599405982
-0.0064690577467919255
0.08979975602406028
0.004698538632632048
0.05667145059440856
0.3797144399647457
0.5138927306806286
0.03223552410559411
0.17513901956820005
0.15065805804140045
0.06920978224708049
0.06514040415711812
0.3757706377759572
0.20239203279009954
0.19593170502713714
0.14465221277257756
0.10927226948128291
0.001798805065078297
0.028530594724355086
0.3123029852335313
0.20725476305282983
-1.6449599801179903e-05
0.04118467858637684
0.019824775426261782
0.1963479011166449
0.26435523709527436
0.33840317439844647
0.266064004766985
0.10262700274653423
0.011612479353154268
0.013774926557196181
0.0008612246616433265
0.041176072887733756
-0.005073613399494628
0.009342258357868442
-0.00963204232642824
0.33063084610355
0.433522242757064
0.31912153440333074
0.02042312163532602
0.23270255765504852
0.3706896526789764
0.043709461180208894
-0.020009511358481422
-0.00045029579733006777
-0.002226952621860709
0.03354952589994682
0.030760622089294188
0.15508257999805103
0.26186000697910083
-0.1979151291056345
-0.0054570651613699
0.3405085472168246
0.28531174248235813
0.2798841665839038
0.11653571027558815
0.05138799011845745
-0.08799117581103741
0.24010079358575914
0.4955904504872127
0.25614087394266033
0.004116622552129563
0.0277013669339843
0.05328897744305334
0.3185432497643692
0.2414711632460387
0.324991637054607
0.12033689559468033
-0.13898023958840244
0.18759028312011936
0.42796123666187774
0.06101787298718939
0.025226312353224097
0.029237758180634454
0.008169460632517328
0.03865818286192223
0.2679078757002634
0.4849704862453358
0.44799579394719147
0.31820369229215356
-0.21727268275411252
0.022247310080912484
0.5257624257089436
0.579855563130744
0.08173512761739606
0.27257874188323006
-0.008203306350517152
0.11693916975293248
-0.07854945890081487
0.2745749415628124
0.28247310480851723
0.21352602542550334
0.10215967606828624
0.03179780110445496
0.11467456676228746
0.12803653398112183
0.035674734957937715
0.04406138823313617
0.038719399414184334
0.35285715969024833
0.26238427990878355
0.4193342473349564
0.1681732185486627
0.1486704427675367
-0.05914195786663225
0.24714825850755637
0.17554268848285962
0.3355287924925843
0.3046526000952786
0.42800039922306465
0.6582583917213931
0.38313502835423424
-0.1360610401079046
0.18408976631142104
0.2777545779970422
0.3463954182062683
0.26847756554872393
0.1925781394122018
0.11749979049002421
0.12616404864168826
0.451624965166951
0.24726576370366402
0.2063462016645978
0.09450245398058675
0.023283687698226644
0.005735520652519262
0.043270763102606705
0.10322214559384543
0.1275043161901107
0.0019109129552257488
0.39606542719468424
0.37147846137484936
0.014132531887703716
0.01965966456253793
0.24742211194943822
0.386172904469079
0.13899684112035435
0.0037430309807455118
0.21250314820035643
0.39324298716634465
0.3696881309740209
0.26866907367506654
0.16082326577900583
0.3080947744313443
0.16494035243876087
0.17309226286657586
0.37317976929641344
0.07246180025015038
-0.0025890084317940873
0.12262257428274445
0.6118591784450346
0.5389166591836035
0.44197898631993093
0.4243894384208768
0.3403559262597642
0.027181141735846466
-0.014837516019216596
0.11197849394817821
0.33403444669934235
0.643319907729152
0.09235873449616082
0.4967172422974526
0.30738118559437333
0.14942240189959435
0.0023888070199448346
-0.0003250165783235193
0.00017849352763206377
0.0032884301012692228
0.004596721944687568
0.021441563998987362
0.009715913967308736
0.004911519861860687
0.025283877261512044
0.0049746493077297005
0.001754901376947254
0.0005385409829439503
-3.893510914296129e-05
0.01482566541005039
0.07849507630038162
0.11037168098912803
0.14701955829874447
0.0796401022233141
-0.005859431720352491
-0.006629191658141237
0.15357312518004335
-0.2117491253003364
0.09699446810104276
0.07053444719015667
0.024062278883719777
0.016588849169714683
0.07680828076780502
0.18597755897818052
0.18784970137216978
0.05164904157561046
-0.0010657025495398019
0.08963884079994378
0.17742700248345042
0.25804119410839915
0.18999723907444424
0.3019911860883015
0.4517149904935707
0.10729550424032851
0.17545890297748964
0.12415530602913395
0.14417556473026108
0.07944760721722206
0.0036464930449707916
0.06232216203439906
0.01736413781314575
0.11442795314788068
0.1349588929962351
0.14388240315360623
0.08586528951176359
0.05745476299268894
0.003452791481500585
0.17367192504831233
0.22570105877941224
0.19921101797715296
0.053285487335954854
0.40180683585329063
0.4578153848124102
0.31816484109923454
0.0821149768017345
0.5764547633475154
0.24655651202710213
0.22305214173432886
0.17373116081602744
0.023974606332938457
0.02489278510290729
0.3432268281845603
0.2901243903364429
0.19781264073758306
0.08894400605176914
0.07266645320318545
0.0466544277065917
0.017681158449082114
0.12791471691210843
0.18753133963309201
0.2706637504601417
0.2495975641679388
0.4554411171823106
0.24465551605110417
0.6743825008731463
0.07341460841169896
0.07432145725284775
0.44018754018931255
0.25383505162884346
0.000251173296773808
-0.0028893743937606488
0.08525588733128993
0.07666108568941014
0.08916333409738231
0.0066413414941030235
0.006927157081482414
0.42234721523890634
0.3513799165027132
0.29129421177985226
0.1907640883228931
0.13139378888557943
0.017624262339215786
0.04113293599955791
0.09476946285800304
0.05499918279913061
0.22494466325810672
0.11215721457502163
0.2626815789292978
0.2586719609943067
0.2814666696841948
0.2307080460629149
0.276158733497369
0.13147270000701936
0.21691526232856795
0.00825037765858659
0.017193195053798307
0.003364312060825067
0.10855259369965957
0.21679139319896834
0.25375776144307244
0.16777232952364846
0.008434502415926446
0.11224937385889747
0.015268182844895032
0.037301962920056546
0.11796865067859803
0.3698726850012225
0.30094425706482864
0.030143100896047124
-0.008468323766386504
0.4749992226418738
0.7929503006579297
0.04421243738501767
0.1720837714340524
0.15598686619121763
0.019028449665838415
0.30572208024311803
0.31156649675626474
0.06196942296851016
0.09097236755250893
-0.0038079123734359936
0.230820901495377
0.5235598675459078
0.5398558373315483
0.0025331067863112863
0.1205148204034601
0.06691432889916782
0.016766473832806248
0.13491175324131027
0.15475980198111763
-2.478296488234139e-05
0.14027508716422527
0.24964841236893284
0.23466563764354592
0.13633408795530852
0.2343952153449424
0.5021058816926371
0.19277847666637787
0.21408190703833063
0.011844627427840346
0.0009700230067119796
0.1809612205281681
0.4818634636759232
0.2736118451565772
-0.013554191006998872
0.05963582478388749
-0.03998111839468827
-0.1057606663205526
0.1446695344418932
0.405750788871604
-0.013998900267387036
0.0817197948088482
0.22092972409345757
0.4356600061348155
0.10596518730870313
0.42124623886279455
0.014558204088701331
0.18440661503157402
0.08186123635193249
-0.0993855614903894
-0.015617035863871604
0.3333640502428822
-0.009027266740019439
0.11876307940876207
-0.07350477421421207
0.33051716212711935
0.2991846950872637
0.04153711097306232
0.13660762757686398
0.20084012877518767
0.25932567911381327
0.15442896993906005
0.13353402514481436
-0.16849367411550153
0.15218347817150818
0.16161270283607504
0.010651765380416789
0.02514707424591959
0.006605780918369439
0.009473736853169022
0.07064562820407203
0.011369437645116536
0.003771721536732866
0.001574183837276195
0.08993418502742094
-0.14140625867370096
-0.08918291919567893
-0.00032045172013616866
-0.0003335671932401393
0.003534541166242605
0.004810336015810236
0.0038251432314927664
0.020976894629267853
-0.005293948652439634
0.000644436140248808
0.00015971655020040432
-0.0005989489360409663
0.08917965326577587
-0.008956015981676934
0.11756386221558136
0.009327763818891156
0.033606749272392815
0.17318693185454728