2.541315910151527e-09
1.617305391906611e-10
-1.4990902613320112e-09
2.1295931330750625e-07
2.778494578110889e-07
5.913691617587619e-08
9.489532063816593e-09
1.3743929624484341e-09
-1.9380636184225677e-10
-2.762924067790132e-11
-4.029732054526776e-12
-5.99009459026418e-13
-8.99123964858239e-14
-1.3554903728407942e-14
-1.9537659915021364e-15
-1.4325405920092245e-16
-7.822863477099766e-17
-1.660403934931653e-16
1.090394244434996e-16
-4.434506369683321e-17
-3.0751541920492986e-17
1.4151516903505477e-17
-1.268423025723971e-17
-8.2905618614647e-18
4.814081343848618e-17
6.869726147998337e-18
3.521924211161535e-17
-3.574062050498421e-18
4.5664543034866504e-17
-5.100956106946739e-18
7.797599545767217e-18
2.996743214394138e-17
-9.631545738149592e-18
6.56873349784924e-19
-2.214427933308317e-18
-3.77491237924473e-17
2.717594783820212e-17
8.733199513743011e-18
3.62516690916774e-17
3.492033064609935e-17
2.712288162987998e-19
-7.377449292076323e-18
2.9590430446743574e-19
5.389298765092749e-19
4.851805278845769e-17
-1.2221863393491972e-17
2.993358633641432e-19
-2.666334504326247e-17
3.8179045302685243e-17
4.877869057118267e-17
-2.0176424268199766e-17
1.6042356756571167e-19
7.213666400965843e-20
3.0157192920092326e-17
5.4135795056362894e-17
-1.3804962633920858e-20
5.2953471828490844e-17
2.4864964761906465e-19
3.362414461431596e-19
-1.6699073998924984e-17
2.9062873478229596e-17
2.4740089634259684e-17
1.1453751748875782e-19
-1.1369822853441121e-17
-2.763947483697322e-17
1.4921194760749095e-17
-4.607390285206972e-18
4.193754730664935e-17
2.5226188201692365e-19
-1.0304618685426253e-18
-2.4663748960507723e-17
4.012749103864716e-17
2.693279658041406e-19
5.186177980574671e-19
-1.593361367290606e-17
1.5370344479951587e-17
3.7803530740482295e-17
2.756641407317109e-20
5.854675108533387e-20
2.644965284067309e-17
3.7622470061424063e-17
2.6832042382617952e-17
1.0817551074739173e-19
-5.02157009053829e-18
4.748849003393109e-17
-8.148394176887051e-18
4.722149537802895e-17
-5.133946116053797e-18
-7.439492231497764e-18
-3.77645843367076e-18
5.14615622347691e-17
1.9918453333895557e-17
4.2036240178575174e-19
4.7040088605551814e-17
4.8898573182860225e-17
-5.564137592824888e-18
2.3389672823012647e-17
2.4274009695795806e-17
-1.196511596907887e-18
5.519943081619223e-19
3.385654144211304e-19
-6.408908469561437e-18
3.050541044545649e-17
2.279207744348044e-17
3.4297254097441987e-19
3.579126206116792e-19
4.8933231965069345e-17
4.720267036385172e-17
-1.2004948372059811e-18
3.601616004915997e-19
5.369219618063546e-20
4.704422484320582e-17
1.5975556166669543e-19
-1.826792368918914e-17
2.1849216445170165e-17
4.0320880831814336e-19
3.484216878488941e-17
-6.104935805408534e-18
2.3686889183313883e-17
2.943615256974584e-19
4.5690881054291675e-17
4.805348318415825e-17
-1.132110412954544e-17
2.2025699327295798e-17
1.0169524691492217e-19
3.451205306495109e-17
2.3960005399211693e-17
2.5629075172105987e-17
7.822340778418454e-19
4.8552868031013136e-17
1.3813974330609187e-17
6.597353703965971e-19
4.866702366646886e-17
-1.2126444045327686e-17
3.2973698146516886e-17
3.337774113174109e-17
3.5716584953802045e-19
1.9655899996853422e-17
-1.0709149834694565e-17
1.2811494161708961e-19
5.427427512062569e-19
1.0154045602187914e-19
-9.287396359426202e-18
-9.03767479535108e-18
2.4812530116094453e-17
2.4343849447070205e-17
-1.7566378663966315e-17
-1.5771797014236888e-17
3.0838932559090434e-17
3.984111691702929e-17
5.098943117454492e-17
-1.846708039177356e-17
-9.242706827659323e-18
1.9759832859080765e-17
4.067723012063409e-17
3.877288395980988e-17
2.831987922112286e-17
4.956197205065525e-17
-2.2284361999583295e-17
5.598717574736003e-19
4.952502992450284e-17
1.0165679465672516e-19
3.4401154368019595e-17
1.1857882483096007e-17
3.011980356652947e-17
-1.636529619092266e-18
-1.2466969463791628e-17
1.3146951215516776e-19
4.372095824169817e-17
5.444350679012616e-17
9.7620421709209e-18
-9.975533436796244e-18
4.2079902766051596e-17
2.6877739361343425e-19
2.976012911387139e-17
1.3686736830169892e-17
4.663025704063226e-19
1.7465499823153837e-17
2.991371812406637e-17
1.6775693843317358e-17
3.6477472841778496e-19
4.805983035540936e-17
-1.377181581505271e-17
5.219829498133504e-19
-2.779797212174992e-20
3.2278170913853796e-17
4.858566408242824e-19
3.872079310295143e-17
5.3398084308248275e-17
-1.192806555214294e-17
3.5093871508981445e-19
-5.687586664473899e-18
3.506946287646541e-17
1.8374978602825535e-19
5.33181789203809e-17
1.596180473982874e-17
-6.143071788643545e-18
4.534004204112e-17
4.151132051488725e-17
5.570926688596306e-17
5.079111729449223e-17
3.8243435822868136e-17
4.0327804305373794e-17
1.2135655290974639e-17
-1.2665616889737151e-17
4.923810374001712e-17
2.6484371351803717e-19
3.2325300351050907e-17
2.484185367908859e-17
4.991971210415543e-17
7.363749935058093e-18
-4.296035061408775e-18
3.565834689995393e-17
3.0883131983674213e-19
5.029160779461239e-19
4.283194907992798e-17
4.095222707993168e-19
3.945580535972652e-17
2.3780920458064396e-19
-9.211446542739014e-18
-1.3860061058865871e-17
-2.7318654409556503e-17
3.401354817544654e-17
-1.565040161917705e-18
4.2299081914835026e-17
2.5821662088141574e-19
2.9706263684489386e-17
1.833516185385281e-17
3.687919085421147e-17
3.1785294138865456e-17
-3.661939144461763e-19
5.126903780136339e-19
4.796069380444085e-17
2.931406527950892e-17
3.989781829952805e-17
3.337526398758505e-17
2.9723206331524566e-17
-3.7751880704900985e-18
-1.5616338636426973e-17
-4.870924017525072e-19
1.822599807663419e-17
1.933169702970666e-17
-1.07475063856167e-17
1.5221523317278084e-19
6.592847401154366e-18
-2.2964696627199043e-18
2.7562621237750076e-17
3.693142748043259e-19
1.2485608562352705e-17
2.391056167413348e-19
2.793144526918373e-17
2.3973043682759714e-17
-1.18448391626482e-17
3.536447667345428e-17
2.0009349004238346e-17
-1.0706023051264484e-17
1.0561844193920514e-19
3.096997555591567e-17
-2.75252588042649e-17
-1.829544239101579e-17
3.3827487093403786e-17
1.8340084190531425e-17
2.285978226831547e-19
4.898778383033892e-17
3.2419436433317795e-19
2.7730007821675095e-17
3.872727621386233e-19
5.441003954384807e-17
-1.1808478264756691e-17
5.2016137652838717e-17
2.4824627408847616e-17
-9.877426986325002e-18
-8.662428046629859e-18
4.397172140101096e-17
4.465478420086892e-17
1.781163593681357e-17
3.6203236034551824e-17
2.474939478992731e-17
4.0993418996892947e-19
-2.820601065105403e-17
3.3688792657579447e-17
-2.4999132529799037e-18
4.4482102837726435e-17
4.197504644444527e-19
4.113633339837198e-17
-2.4992296438230094e-17
-1.8192187429832553e-20
-8.416830946693777e-18
4.191065352591127e-17
2.681036817760386e-19
4.71522957626079e-17
-1.8351698533614724e-17
-1.0896374454423933e-17
3.144549297585109e-17
2.480423547781428e-17
4.631167455977998e-17
5.152042492229908e-17
-1.0273498049156602e-17
-1.107906617974106e-17
2.568886993384895e-17
-2.570743733112151e-17
5.2204635592778366e-17
4.0584671525856515e-19
4.7603218929640816e-17
4.482245529199188e-19
1.0905608224306602e-19
2.9770244283521656e-17
6.346229873523312e-19
1.4966606832378625e-17
4.109593778640799e-17
5.090565957921905e-19
-5.164345820150407e-18
2.57682711262993e-17
-4.959015281198379e-18
4.024301098993431e-17
4.020219175758119e-17
5.5267876885843333e-17
3.397639735311736e-17
3.171336561997502e-19
5.154745904760715e-17
1.8412194214805602e-17
3.0479472785901716e-19
3.473693269621683e-17
5.118593128872084e-19
4.597775235102301e-17
-5.907078867740626e-18
-9.084084407151152e-18
2.497245446911382e-17
3.317483937579375e-19
1.9531423681370667e-19
-5.349530963292009e-18
7.528600771285695e-19
4.873394733012e-17
-1.3142124754302474e-20
-7.167264193683554e-18
5.52894333349555e-19
4.6841962730815726e-17
2.8961131330431734e-17
-1.8271276521480243e-18
2.875794910114702e-17
-1.5259766343549014e-17
-1.6451993382651666e-17
-9.354493252399842e-18
2.930180293327632e-17
3.554866989795464e-20
2.368896230771456e-17
5.41137425715628e-19
4.635120172112184e-17
-1.7140901515014928e-17
3.472613735434695e-19
5.062947238549037e-17
2.8091543747859416e-19
2.5421282064588968e-17
-8.69810464353342e-18
3.0047519544158623e-17
5.113695128673413e-17
1.9822548844174385e-17
4.0215380547340585e-17
5.562973723325612e-17
1.7947085356201768e-17
-4.045908155735218e-18
-1.7182727749617347e-17
3.2103275954965676e-19
2.7115489544175932e-17
3.828468820555792e-17
3.664789090585194e-19
4.908632564067572e-17
1.1843383536344534e-17
3.231001310680763e-17
2.747941853979722e-17
4.412157186774668e-17
4.4598478542274635e-17
1.7869476272590335e-17
-3.340266968603467e-17
-6.175583144885243e-18
-3.711653049528705e-18
3.427254174138574e-19
-2.3276676886945533e-17
4.828015203771445e-17
9.21235789154042e-18
4.326141678279081e-17
-1.0899277938056295e-17
-1.5573457240365834e-17
1.613981541832336e-19
-4.993620288763855e-18
4.645949236405093e-17
-9.950715266453758e-18
4.3613438583788664e-17
4.950178054552393e-17
-9.16121198900468e-18
3.6067353428672926e-17
-6.6476588382476826e-18
1.4689558082017757e-19
-1.1258275676261762e-17
1.7709119753815814e-19
2.1722915548979426e-17
-2.857371669421838e-17
3.4156582651185324e-17
3.7802008020064053e-17
3.707978718993162e-19
5.095386704237217e-17
-1.3055773227009583e-17
-2.3754680502966766e-18
-1.640962680841857e-17
-9.387978229252986e-18
3.829087339313227e-17
2.470769433280344e-17
1.986355392981388e-19
2.0902554801538892e-17
-4.918556842140594e-18
-2.41511674925234e-18
6.576821046299175e-19
-3.190844533111884e-17
1.9175115616391487e-17
4.0790365795790076e-17
5.227690970800407e-19
4.6265221915780345e-17
-5.5163064401333994e-18
2.1337256490022735e-17
-2.0891402688245677e-17
-1.9436767320514248e-17
6.194472061610469e-19
4.4720108083683596e-17
3.5008328764057514e-19
4.75442940156947e-17
-1.8454147528957514e-17
3.8138763479767595e-17
6.336727420130609e-19
-2.472422865746712e-17
2.9330324646088837e-17
1.0250270017814339e-19
2.7966487602799175e-18
2.463533776060604e-17
4.2020378684223005e-17
5.158704907482809e-19
3.8341191710031095e-17
2.2408010518363472e-17
1.018536057658724e-19
3.035065064313642e-17
-6.449614009464095e-18
1.9990732913730323e-17
-1.2501310317934844e-17
5.491141036583812e-17
-1.7160402371317283e-17
2.3565975732891265e-17
2.3352252821382804e-19
5.0173061226762796e-17
6.060391824305809e-17
5.418233282312315e-18
4.3176477023102567e-19
4.698020691081075e-17
-8.231693200488402e-18
4.8388297804101504e-17
-1.3111625252574696e-17
3.6068452693941985e-17
4.393747538204018e-17
-9.305888364835774e-18
-6.925637944935896e-18
3.258959899030259e-17
7.336235261206131e-19
-3.3201460185441266e-17
3.2421323987282557e-19
3.2634375309815945e-17
-2.7925830035287256e-17
5.7258849816477104e-18
4.077075397127321e-17
-3.176117122386698e-17
-1.1264643064699165e-17
2.8338953123675945e-17
1.972365365588604e-17
3.408968737507373e-19
3.1052563528790134e-19
4.165865593332259e-17
-2.4955897390260994e-17
-1.7924929279299e-20
-8.284545547069182e-18
4.188062758527136e-17
-4.658346520516315e-18
2.0329023679186482e-17
-1.5530757712641973e-18
5.5099308253080004e-17
1.84932353529552e-17
6.420170010803605e-19
-2.471302200136403e-17
4.243227306532453e-17
3.10928454472726e-19
3.201798712983874e-17
2.4758094812963207e-17
3.9378587602880807e-19
-7.117312987074369e-18
3.0206990821327925e-17
-1.702517560813523e-18
-1.2331716437536712e-17
-2.2655013571662886e-17
1.3682284455092612e-19
3.429581137728446e-17
-8.194614575935089e-18
3.5078492547353742e-19
8.25269494780355e-18
4.5250996496696745e-19
-2.0683781887287095e-17
-1.6733140447967263e-17
6.020332237737266e-19
4.305397677988649e-17
-8.843340019601388e-18
-1.9464012296745412e-18
4.63825574889883e-17
1.8642799750425953e-17
-8.369967371497374e-18
4.895437090577687e-17
4.221913002465256e-17
4.866871513722092e-17
-9.173147527876047e-18
-6.798269204305994e-18
4.27987167313802e-17
6.251235782787331e-19
-3.024653721869653e-17
3.8009379459888824e-17
-3.47320834227217e-18
4.5896059124168325e-17
1.2002230056288777e-17
2.6103458773302693e-17
1.3232184726309843e-17
3.3608256563837456e-19
2.6128468893451724e-17
6.9030416570468765e-18
4.008388514931544e-18
-3.804054795572526e-18
3.819718888464978e-17
1.213065719839464e-17
-7.613456597085334e-18
1.9830874517524726e-17
-1.2966718426411947e-17
-2.115195063358498e-18
4.1176477341701445e-19
1.4846566185460996e-17
2.025555091887094e-19
6.09916520662947e-19
4.3274189532506356e-17
1.2557396321911565e-17
2.7323299522402355e-17
1.0981019607515608e-19
3.462135245757908e-17
3.647936830608614e-17
5.664940082665868e-19
1.3785713627764721e-19
-3.9535669395025286e-18
1.1143629650876976e-17
-1.3214542960064193e-17
-2.387576300006498e-17
1.6206514216786528e-19
-2.550906630885059e-17
3.2831465728239986e-17
2.1165507011339757e-17
-8.967335279327151e-18
8.779056234103254e-20
5.032372010293255e-19
4.938307142916847e-17
3.964503757982344e-19
-1.0589624447497982e-17
3.444739977826487e-17
-4.626289239629082e-18
5.672354694823212e-19
4.3409186010437344e-17
-5.2666092929796696e-18
4.023231707129098e-19
-1.835224442830308e-17
-1.933509211254469e-18
3.2626103456856927e-18
4.351545535702694e-17
6.066896688005235e-20
2.0303172667120743e-19
3.338149790115981e-17
5.233414206119371e-19
6.973727255905403e-19
-7.62338302941709e-18
-1.5352994803417997e-18
2.3703935401523562e-17
-2.829589745725843e-18
-2.0780714433511036e-17
2.585290597042954e-17
-2.2270865818222893e-18
4.030678594463646e-19
7.716824672532515e-20
2.68210043549104e-19
1.8150457919189407e-17
4.0897337518290795e-17
5.115885808802451e-19
-2.334171960196129e-18
-3.267880021078077e-17
4.9941511675552183e-17
5.660158858110755e-19
3.3462861287035375e-19
5.1793903669140123e-17
4.4075773715244295e-17
1.7106384805691929e-18
5.060278976064325e-17
2.3465096654675972e-17
-3.397948673580935e-17