0.00011525379352828184
0.00011084547263321151
3.2976300400513876e-05
0.0004256610059179474
0.0009027359084721495
0.00023963977076145587
9.390279934695786e-05
0.001853865847266202
0.00016458295281090264
0.00045493178949183226
0.01227741953926542
0.009243058808106087
-7.483971263120287e-05
-0.006142153308991257
-0.032329716358957726
0.08543511438510877
0.0630327215263221
0.17064403345594512
0.04942232977523367
-1.5397789688860908e-05
0.003626366568792838
0.0029269452521969437
-0.021564420003433615
-0.07976614377263919
-0.4234717929277912
0.018273523671179247
0.013355838242445179
-0.0015480805704353915
0.0766283200604347
0.016837947897237728
0.012043744551844884
0.3143527686218383
0.03361230535610267
-0.034198518900742804
-0.03032115987214932
0.003409031239165064
0.003732777175136393
-0.04167156205815401
0.07173016617403465
0.020084908372488424
-0.003064251851267628
0.02006734946256369
-0.19241889639730267
0.010246728066165556
0.00013718168184444736
0.0028782570472546767
0.06176957192225632
0.0048342122095788595
0.019824103787471268
-0.01865410113396205
0.018006988222257162
-0.005600807704494046
-0.004030062520570276
-0.003338908136763079
-0.0006585646133177609
-0.08865295253461988
0.16520763510428244
-0.002417188113482048
0.015966298763576695
0.0022358478311879687
-0.0010818576397393074
0.0029298514809478035
0.0034467351896389476
0.0010577077457144602
-0.0006388090208787336
-0.008858531840286765
-0.11833081776955033
0.007348327383622702
0.0014533939055017186
0.0007529339175859348
-0.000751941213946413
0.0013442606667748223
0.0013652251834023136
0.005281763571278344
0.00044348433300639005
0.0013132070341299843
0.006402802169326325
-0.052448547344996
-0.025480841692163678
0.005567731179643846
0.015196174115141254
-0.019425541797733564
0.013492402627279411
-0.0025637668516105766
0.001008839671269093
0.0036036259936342947
0.0003661391175807904
0.0002722957403319754
-0.056841224753243866
-0.09459970317236567
0.0025475789819594417
0.004677540028506907
0.003980843374687059
0.006636901447710929
-0.07747083353117729
-0.0006965306267884788
0.004023501682353336
0.006161469632356437
0.0009017419612154554
-0.017912025665724002
-0.015440008069265553
0.00506574133726826
0.002232096343968089
0.047387303928731576
0.00956960095710518
-0.0017932161676865736
-0.03195954794735721
0.0006170816948101741
0.0005087303838829223
0.0005597968523271509
0.00020079960754616137
3.13955190070422e-05
-4.608494641936927e-05
-5.21676754316938e-06
3.5503336425155036e-05
0.02052695234458387
0.014027221112899287
0.007886577888958144
0.0014909557567506725
-0.0013187038703365013
0.0011078809980850837
-0.006291526670148985
0.00025487638599335313
0.0007507710151874051
-8.34129307354219e-05
0.0007148763352656793
0.001579514813242308
0.00021021838131293885
0.0032742142802220492
-4.816906818929752e-05
-0.00012906169474011998
-0.0009018558323894957
-0.02562892218129336
0.01239751049713127
0.005261254970018891
5.926710697024628e-05
0.0013597442277265824
0.001461639511711978
6.664727092415412e-06
0.000541200969669511
0.004361795750508902
0.017627959145651975
-0.010619028831477159
0.01610967970588629
0.004202377011395106
0.011208146926439356
0.016124700376120175
0.00474855729994686
0.0009345926479243077
0.006004741758759732
-7.638664713876206e-05
-4.35897391147944e-05
-4.0615448808428284e-06
0.0071542984820968415
0.005503672942950525
0.016577871295542744
0.017266088857319582
0.0016035155545300773
0.008298895553922568
-0.00048248222742543705
0.06860187492047713
0.047376214331517716
0.009320708900831682
0.03397239272090735
-0.0012215638186125746
-0.0002840034519552564
0.0005207437646143212
0.0014525304415801724
0.0028860490578947306
0.006780147905833044
-0.006374045032571954
-0.018621023837918794
-0.032865791205479486
0.021745327375660484
-0.1830636426335825
0.31534896312407934
0.3170083575073838
-0.3163921247344777
-0.08563699409483874
0.05617928011283577
0.07941579265029504
-4.59197303843644e-05
-0.0019453822970111007
0.005481339089838486
-0.008521626264990962
-0.05932767342355111
0.2185150329963928
-0.00033930731377910487
0.006327922373702691
-0.0015970269093200228
0.0046522699200142025
0.0017097969872770856
0.0027292626334494605
-8.368691373790741e-05
-0.0017540725983739831
-0.006131554982453616
0.0012931076190178014
-0.007902320539044248
-0.1484419636696123
0.08475343986970695
0.03654606438368526
-0.0037579824596299803
0.013313076698346396
0.0868365896449263
0.01709848951846644
1.5724745691866e-05
0.00037773596717224217
0.0032570069359303204
-0.0014986202341172666
0.11950613649150277
-0.1550896275814292
-0.048367144401895525
-0.026174561810131735
0.022715189814714137
0.008131451933528277
-0.016419915439162554
0.004082177560055304
0.00817811792355263
0.005529873607904628
0.010942722078056487
0.00802455998538791
-0.045844015058231886
-0.005993338990644359
-0.013987967989903913
0.013372721379599571
0.024906869315937486
0.002404780871318118
0.010876099035764903
0.08027410760505596
0.10606539964796409
0.013066165599641664
-0.08162525683190491
0.4329636152693196
-0.005781062493022888
-0.0034276715144095434
-0.00236699314020243
0.003883860505470737
0.027887515425592056
0.06698440126172707
0.45171874744117
0.011785010288929297
0.0036812385541258466
0.0003474842871869801
0.007362657285804443
0.09096175088285961
0.1924584623200402
0.3070457558592348
-0.01176215011032583
-0.012587932194094131
-0.014294747406475983
-0.007194052392452202
-0.07798924871294527
-0.04698884935737951
-0.13751316213188025
0.26612628665907545
0.09473031892391726
0.03013305794280712
0.00044975425274218007
0.012996088742379694
0.052321502328042814
-0.001598311822293944
-0.007826516632945736
-0.015806823214237913
-0.0033200490067152
0.2253096865254818
0.5093680803300659
6.697022160332177e-06
0.0022832191495337772
0.054726922999756615
0.019801893516260202
0.003114711418232028
-0.00018538403258432445
0.0003070260319788309
-0.0017043427278618112
-0.001948920046452931
-0.002447224570210477
-0.14868234930947874
0.0013722705394978289
0.0009655392008271932
0.0066093218372938346
0.013578683547516457
0.010450263054545605
0.009349791631563097
8.10762985446118e-05
-0.032606943064864224
-0.001393754912792166
-0.0013217471301493603
0.009597343948901205
0.007723600123690765
-0.0012251178780089893
0.013748381233682964
0.01588312089096397
0.007171259226651793
0.0005493329961264385
0.016050624827246084
0.10268961011252847
0.002154182467547053
0.001367296066337774
-0.036860300911063716
0.008438705439664235
-0.26761112714699414
-0.009710601462423129
-0.006952906069936902
0.03206404817900441
0.06567976135586126
-0.10260201794238494
-0.0004924106446426066
0.12162075043372321
0.0010119157992829104
0.04970750317858494
0.047390348807609194
0.06349895760132127
0.18180891411747432
-0.0010157942390789933
-0.0019188828974078668
-0.005080382503986241
0.0008096605593526942
-0.004814225821125291
0.03532997753226278
0.2730527746485592
0.010205522812295826
0.012474952957525553
0.0006289398717202556
0.00015276161197535696
0.010973580998278498
0.0004505556101333925
0.0006232811489314735
-0.003258589186440614
-0.01775614040542238
-0.015629365884206006
-0.019140024371134552
-0.0032428123028015897
-0.0014313790246416633
0.27449733916706526
0.23537634399034843
0.48041385419655913
-0.3616777703666433
-0.10468182031335466
-1.9470875128136422e-05
-0.004433847934356754
-0.0036206899321675795
-0.0013504482097931297
-0.002880862503941394
-0.028163425119393425
-0.0939392060683785
-0.046558403689189655
-9.592008519943734e-06
-1.7299191797596737e-05
5.804580667265884e-05
0.0007041019326031612
0.0005047728839224135
0.028863492292229266
0.03646503211104199
-0.0008526564473802196
0.010907426219363116
-0.025754341999019575
-0.0013613358728999702
-0.0046580802395210855
-0.11126848232525008
-0.049667462856345775
0.0003130339136500198
0.0006592504028124245
0.001223613720943478
0.0005961139399933182
0.00979286996024936
0.16145856949364712
0.006016078822510082
-0.053246773616634026
-0.018136972084133954
-0.0030327136907317576
-0.0030304766636485283
0.08866336718352304
-0.002663967461812656
0.0011100514609335898
0.00696497184896578
0.0002003038747852687
0.00017300629775824231
0.0005489008568158776
8.55722399482019e-05
3.6765425248490255e-05
-0.0010303973318371645
-0.03352077489456522
-0.04476546395022813
0.03935786859135729
-1.0008058375536694e-05
-0.0085612752475996
-0.0006399838586563018
0.0008346372805141152
-1.2188432399672765e-05
-1.812270441583075e-05
3.0440183050079424e-05
4.072301758999563e-05
0.001228144291332602
0.0641276137682948
0.060498578449043314
0.017296182407106835
-0.008045653168456573
0.0001718741293423075
0.00028399959528811145
0.00017233942373383394
0.0012189473869016118
0.00042586364427316906
-0.0016396717557180065
0.001266345090823906
0.0004260099898188006
0.005294902558190418
0.00022616590586708394
0.0022176361575950037
-0.00013684907014824838
0.0018859308646616932
-9.309857097928406e-06
0.0023509633349616177
0.027611222412504268
0.005659089449745527
-0.018179093084745353
-0.0001695357647609528
-3.023606618328342e-06
-3.857967314051833e-05
-0.00025645607778831015
0.0010047964446721017
-0.020654639604076704
-0.038280233377090085
0.009997345909846987
-0.004272035444388548
-0.021450541520488572
-0.002033530185813182
0.2896873608504212
0.3039445906114619
-0.14405918449183153
-0.0004478911467211233
0.0012441573459084719
-0.003621725308736823
-0.06561199342158035
0.005388129257995684
0.00028146758473952127
0.006002100052728081
-0.005334233051470554
-0.014819098951830478
0.11551614398234418
0.6535032046924277
-0.2652519549344529
0.24274069086707492
0.007576667859041278
0.0009148093226784633
-0.010926599495307616
-0.008088389372620611
-0.0012830555917540533
0.011072016507617882
-0.0018493261764677034
0.017325330501530987
-0.002243317898010477
-0.10552872723386716
-0.09714801367166448
0.011702592752982383
-0.0007298088793439849
-7.800335193169884e-05
-0.002233085345883713
0.06393194347316414
0.0004968496912672338
0.0018571529343375086
0.0014610659059069494
-0.004986620099097841
-0.030473032180628145
-0.3244113390099751
-0.04905435883318989
0.02009498966314203
0.0036272510356178383
0.19900260762974392
0.12091911294429714
-0.0010106773573381992
-0.0013863109317841119
-0.0004688054321361086
0.0027497172027422102
-0.14788559740240975
-0.1739339838538505
-0.1068474425220441
-0.2309712653487579
0.1140487208811711
-0.014252475680239256
-0.012862297877901711
-0.0002009645140135525
-0.035230188171297076
0.008024710484460282
0.0007642089428757268
-0.052732640739440305
-0.33683311906021157
-0.1289163318750796
-0.10883435039804015
-0.0880397104936569
-0.16998702507650204
-0.008390724707848895
-0.019712533646373688
-0.004749859521992829
0.0065291124915051475
0.004523939878019757
0.07499636158547
-0.06602035061564915
0.009569588867687318
-0.007285722180931383
0.02249793724705881
0.012543292593507309
-0.026033446205631285
-0.0029155736214368042
-0.004867539446066939
-0.0017466740180223064
-0.06551535100645871
-0.05104505253481435
-0.06934876585084115
0.0006536409870928146
-0.0001876921758712741
-0.0036020148001213136
-0.00036852147305433276
-0.023484478740313872
0.004294331150733993
-0.004651502019207816
-0.007448987832887622
-0.006589915069104695
0.36369626914089487
-0.07047394800152697
0.017494389154212288
0.001702213771352386
0.009205914650284095
0.0021700209189293774
-0.0018605284209342319
0.0004571733870938166
0.0028192512861614405
0.0029714315260634234
-0.001526541569481063
-0.030935796442726704
-0.1968489491969622
-0.014923118346298642
0.008691641597012618
-0.0001587613265290095
0.0038306957768694575
0.03874997753064892
0.0018953345427579573
-2.2450717589088238e-05
0.0003894832423057576
0.0019069639965306397
-0.03845408746299033
-0.02956079710327932
-0.0022101001637061476
0.0025121950371275003
0.009648488603830394
0.040975151429712225
-0.017399981359084087
0.006240419370590671
0.023935317206970425
-0.03437962877886862
0.006101313202200901
-9.419081882314634e-05
0.0019589748935811783
-0.0002185078500763601
0.0020482633107698003
-0.00433986086029623
-0.018305957028898395
0.0020891287610935306
-0.02518879659524379
-0.007899191381390794
0.3622621783507583
0.07752708920901122
0.17702559556252428
0.020693795766037044
0.00020541338098364905
-0.0008739265318277938
-0.0008160501685874408
0.0014452415066958711
0.004219811732901857
0.006796719189760683
0.008727772172425988
0.06666154863310207
0.45588063236103726
-0.1366443972677791
0.03724208093266944
0.09925335456571033
-0.0017911865411896356
-0.006151745087201761
0.0027581696121995103
0.0033318318917393173
-0.001748844604286097
-0.01487594267312881
-0.015548004732790669
0.006044623933124833
-0.08196162674731004
-0.3299524918846741
0.009731991364328884
0.0037945750418381203
0.0006599877738478436
-0.0011551537928112116
0.0014816754099896312
0.003809164340697878
0.01803533378332838
-0.004653056998841341
-0.005747207052843934
-0.0026158454581183452
-0.07137102081455854
-0.3154241648550043
-0.0012562069696862535
0.0005170203179906609