-0.0018189009143856612
0.007011262814068616
0.03468047214243344
-0.04653652847685303
0.0004049184206765939
0.0014911674244164324
-0.013786652131958668
-0.00971078356678863
0.0024615647330815753
0.004397466315282543
0.01141840141648195
0.005758100971095129
0.0023042868251758357
0.0021163494546956635
-0.0016170536766034352
0.028385521700117173
0.028773046199007894
0.007302170739491357
0.0061538168303035025
-0.0018766701971020836
-0.0028273522595750633
-0.0005035192660139872
-0.00780197639938214
0.005795398308180283
0.006119890283289889
0.0020051463423854106
-0.014757531582203118
-0.006801193473820728
0.1932695370890873
-0.1185247674815903
0.028338647159178866
0.006009189386274839
6.979328620640133e-05
3.376002427881189e-06
4.3325197816247794e-05
-0.002870480760007036
0.0032457584243734457
-0.011663493914539027
-0.003879664504429999
-0.012464526423015774
-0.01647648679084267
0.2728409353533668
-0.044210860444464276
0.023875900983847727
-0.007040753616797531
3.940990691833299e-06
-1.1164531174482544e-05
0.002212436816006331
-0.0028402793767812115
-0.005156317034741711
-0.01035933256135346
-0.017803312248434455
0.006537182128400407
-0.18148653869465858
0.45560108902829805
-0.0010732272572269636